1.374347686767578125e+02
1.441898803710937500e+02
1.941936798095703125e+02
1.573448333740234375e+02
1.047060394287109375e+02
1.377205963134765625e+02
9.266288757324218750e+01
1.156321487426757812e+02
1.325522613525390625e+02
2.206668243408203125e+02
1.290455017089843750e+02
1.941740417480468750e+02
1.089704742431640625e+02
1.000507278442382812e+02
1.242993392944335938e+02
3.309648132324218750e+02
2.163726806640625000e+02
8.972568511962890625e+01
8.264158630371093750e+01
1.268723983764648438e+02
1.842501678466796875e+02
9.228095245361328125e+01
1.448080749511718750e+02
1.772881774902343750e+02
1.054643173217773438e+02
1.280541381835937500e+02
1.504081573486328125e+02
9.883242034912109375e+01
1.001398849487304688e+02
2.786621398925781250e+02
1.122839279174804688e+02
1.005039672851562500e+02
1.200355148315429688e+02
1.695036621093750000e+02
1.376517791748046875e+02
1.346846008300781250e+02
8.593424224853515625e+01
8.969873046875000000e+01
1.943428649902343750e+02
2.587112426757812500e+02
1.026041488647460938e+02
1.066341934204101562e+02
1.025203018188476562e+02
9.988764190673828125e+01
1.188744049072265625e+02
5.091423645019531250e+02
9.822611236572265625e+01
9.651087951660156250e+01
9.347344207763671875e+01
1.128831634521484375e+02
1.071496734619140625e+02
1.018976593017578125e+02
9.635674285888671875e+01
9.147102355957031250e+01
2.123065643310546875e+02
1.376924133300781250e+02
1.081541519165039062e+02
1.283983154296875000e+02
1.080713653564453125e+02
1.179667434692382812e+02
1.105430526733398438e+02
1.343789672851562500e+02
9.123702239990234375e+01
1.247696685791015625e+02
1.917049255371093750e+02
1.448767700195312500e+02
2.290884552001953125e+02
1.249793853759765625e+02
7.927512359619140625e+01
4.409501037597656250e+02
1.369743652343750000e+02
7.968448638916015625e+01
2.179043884277343750e+02
1.841487579345703125e+02
1.528125457763671875e+02
1.282706909179687500e+02
1.218517913818359375e+02
9.830268859863281250e+01
1.056541290283203125e+02
9.567903137207031250e+01
1.080544815063476562e+02
1.012495956420898438e+02
1.211280670166015625e+02
2.922700805664062500e+02
2.037728729248046875e+02
7.684413909912109375e+01
1.223518066406250000e+02
1.043592376708984375e+02
9.075945281982421875e+01
9.532234954833984375e+01
7.571165771484375000e+02
9.287837219238281250e+01
1.361064300537109375e+02
1.098393173217773438e+02
1.452239379882812500e+02
1.047141265869140625e+02
1.073151702880859375e+02
9.643878173828125000e+01
1.074640731811523438e+02
2.060766754150390625e+02
1.063629760742187500e+02
1.256977539062500000e+02
2.079562072753906250e+02
9.791481781005859375e+01
1.314065704345703125e+02
9.635892486572265625e+01
1.626927032470703125e+02
1.225371551513671875e+02
1.563318176269531250e+02
1.010516357421875000e+02
1.098123931884765625e+02
1.011432952880859375e+02
1.670895538330078125e+02
1.263074111938476562e+02
1.005890045166015625e+02
1.029371871948242188e+02
7.617823791503906250e+01
1.184514236450195312e+02
8.331822967529296875e+01
1.433345031738281250e+02
9.002095794677734375e+01
9.998928070068359375e+01
1.278466339111328125e+02
8.919976043701171875e+01
1.142420654296875000e+02
1.000566787719726562e+02
1.372386169433593750e+02
8.755033111572265625e+01
4.858395996093750000e+02
8.972758483886718750e+01
1.123026733398437500e+02
1.148708343505859375e+02
9.930048370361328125e+01
1.231382904052734375e+02
1.623328704833984375e+02
8.554273986816406250e+01
1.147148818969726562e+02
1.151037216186523438e+02
1.018873062133789062e+02
8.600214385986328125e+01
1.337853240966796875e+02
1.349402465820312500e+02
1.429406890869140625e+02
9.528583526611328125e+01
9.627066802978515625e+01
1.162104873657226562e+02
3.308442077636718750e+02
8.557308197021484375e+01
1.132450790405273438e+02
2.795099182128906250e+02
1.087127456665039062e+02
1.063268508911132812e+02
1.076522598266601562e+02
1.241378402709960938e+02
1.206191329956054688e+02
9.295272064208984375e+01
9.173789978027343750e+01
1.108849487304687500e+02
1.079784164428710938e+02
9.300513458251953125e+01
9.933994293212890625e+01
1.073155899047851562e+02
1.341861724853515625e+02
8.217065429687500000e+01
1.716818847656250000e+02
9.558121490478515625e+01
1.038538055419921875e+02
2.267411346435546875e+02
1.106922378540039062e+02
1.441695861816406250e+02
8.805167388916015625e+01
1.105195693969726562e+02
1.335088806152343750e+02
1.051746673583984375e+02
8.581452178955078125e+01
9.686421966552734375e+01
1.234616088867187500e+02
8.956771087646484375e+01
1.093417205810546875e+02
9.837609863281250000e+01
1.184158554077148438e+02
1.159733047485351562e+02
1.069197769165039062e+02
1.179896163940429688e+02
1.189896926879882812e+02
1.074843368530273438e+02
9.009061431884765625e+01
1.154556884765625000e+02
1.207188720703125000e+02
1.309653778076171875e+02
8.361856842041015625e+01
1.267491989135742188e+02
9.154277801513671875e+01
9.166822052001953125e+01
7.989510345458984375e+01
7.786546325683593750e+01
7.844301605224609375e+01
9.401435089111328125e+01
9.636481475830078125e+01
8.360451507568359375e+01
1.028884963989257812e+02
1.174271011352539062e+02
1.024153594970703125e+02
9.812609863281250000e+01
1.083942337036132812e+02
9.442449951171875000e+01
9.688834381103515625e+01
1.408398895263671875e+02
1.008286972045898438e+02
1.143097534179687500e+02
8.847993469238281250e+01
1.272975921630859375e+02
8.573548126220703125e+01
9.616004943847656250e+01
9.541418457031250000e+01
9.080397033691406250e+01
1.115970382690429688e+02
1.042786636352539062e+02
9.409532928466796875e+01
1.063183517456054688e+02
9.202796936035156250e+01
8.620080566406250000e+01
1.024868011474609375e+02
1.139949798583984375e+02
7.691365051269531250e+01
1.046200408935546875e+02
1.285413513183593750e+02
9.988423156738281250e+01
1.045134811401367188e+02
1.019271392822265625e+02
8.913722991943359375e+01
1.012050094604492188e+02
8.622418975830078125e+01
9.069223785400390625e+01
1.070935821533203125e+02
1.139654922485351562e+02
9.029196929931640625e+01
1.117103958129882812e+02
1.069250564575195312e+02
1.180136718750000000e+02
1.077327423095703125e+02
9.246152496337890625e+01
9.590943908691406250e+01
1.087676010131835938e+02
8.299993133544921875e+01
9.404616546630859375e+01
1.147873153686523438e+02
1.017635116577148438e+02
9.814184570312500000e+01
9.159603118896484375e+01
