2.968509483337402344e+01
1.025996208190917969e+01
7.497285842895507812e+00
6.100971221923828125e+00
5.132119178771972656e+00
4.262602329254150391e+00
3.837985277175903320e+00
3.431772470474243164e+00
3.211791753768920898e+00
3.037450551986694336e+00
2.865894079208374023e+00
2.768082141876220703e+00
2.729447603225708008e+00
2.673076868057250977e+00
2.610139608383178711e+00
2.558051824569702148e+00
2.526515483856201172e+00
2.499781131744384766e+00
2.469975233078002930e+00
2.445156812667846680e+00
2.432482957839965820e+00
2.406040430068969727e+00
2.403746604919433594e+00
2.378312826156616211e+00
2.365399599075317383e+00
2.362149000167846680e+00
2.352166175842285156e+00
2.336621761322021484e+00
2.331386089324951172e+00
2.317214488983154297e+00
2.310494899749755859e+00
2.303741693496704102e+00
2.296908140182495117e+00
2.291023492813110352e+00
2.286620855331420898e+00
2.280954122543334961e+00
2.276072740554809570e+00
2.270817995071411133e+00
2.267774343490600586e+00
2.262799263000488281e+00
2.267574071884155273e+00
2.253664731979370117e+00
2.242959737777709961e+00
2.244413375854492188e+00
2.232590436935424805e+00
2.236902475357055664e+00
2.223049640655517578e+00
2.217836618423461914e+00
2.184436321258544922e+00
2.149783372879028320e+00
2.157715797424316406e+00
2.088658094406127930e+00
2.058083057403564453e+00
2.037566661834716797e+00
2.027708768844604492e+00
1.984464049339294434e+00
1.957193970680236816e+00
1.923186421394348145e+00
1.960087776184082031e+00
2.064165115356445312e+00
1.943233489990234375e+00
1.962058305740356445e+00
2.013517618179321289e+00
1.941281914710998535e+00
1.892772316932678223e+00
1.836255908012390137e+00
1.857673764228820801e+00
1.803969025611877441e+00
1.782589912414550781e+00
1.745738625526428223e+00
1.688002943992614746e+00
1.666733741760253906e+00
1.615026950836181641e+00
1.576453804969787598e+00
1.536795020103454590e+00
1.504556655883789062e+00
1.457832098007202148e+00
1.413292765617370605e+00
1.381262540817260742e+00
1.348674774169921875e+00
1.322989583015441895e+00
1.286080479621887207e+00
1.255020022392272949e+00
1.229382634162902832e+00
1.195732474327087402e+00
1.176775336265563965e+00
1.141104340553283691e+00
1.123730778694152832e+00
1.088132500648498535e+00
1.064299941062927246e+00
1.031321883201599121e+00
1.011641383171081543e+00
9.847229719161987305e-01
9.567246437072753906e-01
9.540017843246459961e-01
9.136366248130798340e-01
8.927302360534667969e-01
8.686589002609252930e-01
8.512056469917297363e-01
8.256617188453674316e-01
