2.342223930358886719e+01
9.723335266113281250e+00
6.863678455352783203e+00
5.701817035675048828e+00
4.626000881195068359e+00
4.083082199096679688e+00
3.611382961273193359e+00
3.227544546127319336e+00
3.054965019226074219e+00
2.962397813796997070e+00
2.814954757690429688e+00
2.744194030761718750e+00
2.692120075225830078e+00
2.626199722290039062e+00
2.583483934402465820e+00
2.557921648025512695e+00
2.524317741394042969e+00
2.492193937301635742e+00
2.471503973007202148e+00
2.451952457427978516e+00
2.441593408584594727e+00
2.423149347305297852e+00
2.418204069137573242e+00
2.407001972198486328e+00
2.399905681610107422e+00
2.395541191101074219e+00
2.389430999755859375e+00
2.387807846069335938e+00
2.384910106658935547e+00
2.382096767425537109e+00
2.381206989288330078e+00
2.377751827239990234e+00
2.376235485076904297e+00
2.368672370910644531e+00
2.371179819107055664e+00
2.346968173980712891e+00
2.350966930389404297e+00
2.338543415069580078e+00
2.350743532180786133e+00
2.323297739028930664e+00
2.336086511611938477e+00
2.330821752548217773e+00
2.315397500991821289e+00
2.261849403381347656e+00
2.290061712265014648e+00
2.230751276016235352e+00
2.208426952362060547e+00
2.161363601684570312e+00
2.128011465072631836e+00
2.116423130035400391e+00
2.062543869018554688e+00
2.050336360931396484e+00
2.064901828765869141e+00
1.989472270011901855e+00
1.928315401077270508e+00
1.915972590446472168e+00
1.907085537910461426e+00
1.858896732330322266e+00
1.949881434440612793e+00
1.829629182815551758e+00
1.728679060935974121e+00
1.651228070259094238e+00
1.599678874015808105e+00
1.512709617614746094e+00
1.448204159736633301e+00
1.390359759330749512e+00
1.322258949279785156e+00
1.266334533691406250e+00
1.245021820068359375e+00
1.180666089057922363e+00
1.123266100883483887e+00
1.039925336837768555e+00
1.001781463623046875e+00
9.444192051887512207e-01
9.060419201850891113e-01
8.618277907371520996e-01
8.411228656768798828e-01
1.024913907051086426e+00
8.484286665916442871e-01
7.134796380996704102e-01
6.396917104721069336e-01
6.647853255271911621e-01
5.978074073791503906e-01
5.363861918449401855e-01
5.295820832252502441e-01
5.061739683151245117e-01
4.305617511272430420e-01
4.269170165061950684e-01
4.509209394454956055e-01
5.576199889183044434e-01
4.890928566455841064e-01
2.847473919391632080e-01
3.699924647808074951e-01
3.317928314208984375e-01
2.811041176319122314e-01
6.522252559661865234e-01
1.278528690338134766e+00
6.425542831420898438e-01
3.568119108676910400e-01
2.242162376642227173e-01
