1.168363494873046875e+02
7.184570312500000000e+02
1.224331665039062500e+02
1.557934265136718750e+02
1.050291976928710938e+02
9.700529479980468750e+01
2.119176330566406250e+02
1.211542129516601562e+02
1.422819824218750000e+02
1.185525665283203125e+02
1.217445907592773438e+02
9.745259094238281250e+01
1.107824859619140625e+02
1.248988800048828125e+02
1.057437362670898438e+02
1.073875732421875000e+02
9.448936462402343750e+01
1.086578140258789062e+02
9.785996246337890625e+01
1.472586975097656250e+02
6.769686889648437500e+01
1.187760391235351562e+02
9.718878936767578125e+01
1.213527832031250000e+02
1.160655364990234375e+02
2.926942749023437500e+02
1.361053466796875000e+02
1.123821258544921875e+02
9.029624938964843750e+01
1.039961700439453125e+02
1.391590728759765625e+02
9.120133972167968750e+01
1.112690200805664062e+02
1.076209106445312500e+02
8.748973846435546875e+01
1.394480743408203125e+02
1.060556640625000000e+02
1.186652374267578125e+02
1.169113311767578125e+02
9.574491882324218750e+01
8.752494049072265625e+01
9.964022064208984375e+01
9.703871917724609375e+01
8.642832183837890625e+01
4.053095703125000000e+02
4.719512329101562500e+02
1.566997985839843750e+02
1.278600311279296875e+02
1.050300445556640625e+02
1.344475097656250000e+02
8.735463714599609375e+01
1.073697509765625000e+02
4.102782592773437500e+02
3.153973693847656250e+02
1.189201660156250000e+02
2.093774414062500000e+02
1.522238464355468750e+02
1.106836318969726562e+02
1.022772750854492188e+02
1.093068008422851562e+02
4.811988830566406250e+02
1.211967163085937500e+02
1.395158386230468750e+02
1.384556274414062500e+02
9.749678039550781250e+01
2.008611602783203125e+02
9.018424224853515625e+01
1.278566513061523438e+02
1.077830429077148438e+02
1.209698486328125000e+02
9.908281707763671875e+01
9.266755676269531250e+01
1.136847152709960938e+02
8.825069427490234375e+01
2.031984863281250000e+02
9.338665771484375000e+01
2.543059844970703125e+02
1.921986541748046875e+02
1.102837753295898438e+02
1.041439743041992188e+02
9.318672943115234375e+01
1.301534271240234375e+02
8.056709289550781250e+01
1.117200241088867188e+02
3.177562866210937500e+02
1.641019287109375000e+02
8.933336639404296875e+01
1.116345062255859375e+02
9.912192535400390625e+01
2.093198089599609375e+02
9.953420257568359375e+01
2.156129150390625000e+02
3.594143981933593750e+02
1.440001983642578125e+02
1.344591369628906250e+02
1.084280624389648438e+02
3.367117614746093750e+02
1.896150360107421875e+02
9.711019134521484375e+01
2.455308380126953125e+02
1.652243957519531250e+02
1.846322021484375000e+02
2.424568786621093750e+02
9.968538665771484375e+01
1.177060470581054688e+02
7.606662750244140625e+01
1.102572021484375000e+02
1.075270233154296875e+02
1.212738189697265625e+02
2.439830169677734375e+02
8.944481658935546875e+01
7.762809753417968750e+01
1.401562652587890625e+02
9.503192901611328125e+01
1.166786041259765625e+02
8.971030426025390625e+01
3.688902282714843750e+02
2.784802856445312500e+02
1.157668304443359375e+02
1.189220199584960938e+02
1.384570770263671875e+02
9.368602752685546875e+01
1.123100738525390625e+02
1.053462142944335938e+02
9.734397125244140625e+01
1.137091140747070312e+02
1.381879119873046875e+02
1.201485061645507812e+02
8.177046203613281250e+01
8.661026763916015625e+01
1.082627487182617188e+02
8.910910797119140625e+01
8.773144531250000000e+01
2.204369628906250000e+03
1.097341690063476562e+02
1.027966690063476562e+02
2.011905364990234375e+02
2.166293640136718750e+02
9.704968261718750000e+01
1.209175262451171875e+02
9.591876983642578125e+01
8.486905670166015625e+01
8.811011505126953125e+01
9.435340118408203125e+01
9.379826354980468750e+01
1.175270767211914062e+02
2.791678771972656250e+02
1.476706085205078125e+02
1.134175643920898438e+02
9.689018249511718750e+01
1.252288360595703125e+02
1.963893127441406250e+02
1.696138916015625000e+02
1.168202285766601562e+02
8.539758300781250000e+01
1.357729339599609375e+02
9.819908142089843750e+01
8.598182678222656250e+01
1.340816345214843750e+02
1.040439834594726562e+02
9.342996978759765625e+01
1.156116943359375000e+02
8.008922576904296875e+01
2.075684814453125000e+02
8.280741119384765625e+01
1.110725479125976562e+02
8.210285186767578125e+01
1.088491058349609375e+02
9.508715820312500000e+01
1.341553802490234375e+02
1.273658294677734375e+02
1.130202636718750000e+02
1.215538177490234375e+02
1.588421630859375000e+02
1.164827270507812500e+02
9.913861846923828125e+01
1.489524230957031250e+02
1.368687438964843750e+02
1.651092834472656250e+02
9.400904083251953125e+01
1.200253829956054688e+02
1.066072616577148438e+02
8.202264404296875000e+01
9.357804870605468750e+01
1.423147735595703125e+02
8.579378509521484375e+01
1.239051971435546875e+02
9.292842864990234375e+01
9.765699005126953125e+01
1.071850051879882812e+02
1.823704681396484375e+02
1.048621215820312500e+02
1.308871917724609375e+02
1.079530105590820312e+02
1.219495010375976562e+02
1.122644805908203125e+02
9.927058410644531250e+01
9.365926361083984375e+01
1.721074676513671875e+02
9.077941131591796875e+01
1.110460739135742188e+02
1.288361968994140625e+02
8.826446533203125000e+01
1.286032867431640625e+02
1.102076492309570312e+02
9.332032012939453125e+01
1.167124176025390625e+02
9.455242919921875000e+01
1.479741210937500000e+02
2.573206481933593750e+02
9.381915283203125000e+01
1.968749237060546875e+02
2.893229064941406250e+02
3.358400878906250000e+02
1.718329315185546875e+02
9.972673034667968750e+01
8.852467346191406250e+01
2.041139984130859375e+02
1.027877883911132812e+02
9.954595184326171875e+01
8.954588317871093750e+01
1.070001373291015625e+02
1.237146224975585938e+02
9.830484771728515625e+01
1.052389602661132812e+02
8.546971130371093750e+01
8.830195617675781250e+01
8.868245697021484375e+01
7.797731781005859375e+01
2.317343444824218750e+02
8.832697296142578125e+01
9.434361267089843750e+01
2.271824951171875000e+02
9.079646301269531250e+01
9.631674957275390625e+01
1.016434860229492188e+02
1.010770034790039062e+02
1.392249145507812500e+02
2.093784179687500000e+02
9.566587066650390625e+01
1.319941253662109375e+02
1.178603439331054688e+02
1.287485046386718750e+02
1.366064147949218750e+02
1.057159957885742188e+02
9.399959564208984375e+01
1.218862915039062500e+02
9.422269439697265625e+01
8.158556365966796875e+01
1.157849502563476562e+02
