1.963101501464843750e+02
1.826289215087890625e+02
1.855641174316406250e+02
1.979718017578125000e+02
1.753798217773437500e+02
1.980024108886718750e+02
1.995803985595703125e+02
1.898672943115234375e+02
1.943906250000000000e+02
1.956204528808593750e+02
1.950513000488281250e+02
1.955161590576171875e+02
1.934176330566406250e+02
1.966766052246093750e+02
1.875967407226562500e+02
1.864200286865234375e+02
1.795841064453125000e+02
1.837060546875000000e+02
1.904381866455078125e+02
1.853835754394531250e+02
1.854443054199218750e+02
1.895135040283203125e+02
1.930052185058593750e+02
1.944750061035156250e+02
1.774190368652343750e+02
1.790594482421875000e+02
1.908250427246093750e+02
1.797785644531250000e+02
1.666505737304687500e+02
1.747415161132812500e+02
1.810371246337890625e+02
1.841998138427734375e+02
1.829725952148437500e+02
1.837265014648437500e+02
1.800480957031250000e+02
1.778078155517578125e+02
1.761226959228515625e+02
1.754584808349609375e+02
1.665118255615234375e+02
1.752331237792968750e+02
1.777957611083984375e+02
1.857951354980468750e+02
1.703276824951171875e+02
1.632866973876953125e+02
1.816992187500000000e+02
1.781828308105468750e+02
1.757155761718750000e+02
1.720624389648437500e+02
1.708760986328125000e+02
1.794830017089843750e+02
1.729392242431640625e+02
1.720144042968750000e+02
1.694092864990234375e+02
1.702415466308593750e+02
1.723608093261718750e+02
1.548536529541015625e+02
1.706863861083984375e+02
1.654201507568359375e+02
1.646499481201171875e+02
1.764667205810546875e+02
1.670075378417968750e+02
1.628411102294921875e+02
1.649308929443359375e+02
1.590062255859375000e+02
1.649734802246093750e+02
1.710257720947265625e+02
1.663332214355468750e+02
1.648087615966796875e+02
1.599745483398437500e+02
1.524278106689453125e+02
1.679204254150390625e+02
1.637955780029296875e+02
1.521654510498046875e+02
1.587826843261718750e+02
1.584502563476562500e+02
1.711717376708984375e+02
1.621308898925781250e+02
1.575673065185546875e+02
1.730199127197265625e+02
1.573662567138671875e+02
1.656955718994140625e+02
1.626559753417968750e+02
1.664056549072265625e+02
1.596094207763671875e+02
1.631385192871093750e+02
1.598858489990234375e+02
1.571112823486328125e+02
1.496667785644531250e+02
1.546203765869140625e+02
1.657923889160156250e+02
1.688795471191406250e+02
1.599747772216796875e+02
1.544641571044921875e+02
1.663459777832031250e+02
1.658660430908203125e+02
1.512954559326171875e+02
1.547319488525390625e+02
1.587436676025390625e+02
1.617382812500000000e+02
1.527527465820312500e+02
