1.935961151123046875e+02
2.011362457275390625e+02
2.013237457275390625e+02
2.003705139160156250e+02
1.757984161376953125e+02
1.938000640869140625e+02
1.897745971679687500e+02
1.975589294433593750e+02
1.981620025634765625e+02
1.920666961669921875e+02
1.961833496093750000e+02
1.834056701660156250e+02
2.025789794921875000e+02
1.833503875732421875e+02
1.792160034179687500e+02
1.939079742431640625e+02
1.825858917236328125e+02
1.913260192871093750e+02
2.004862670898437500e+02
1.903224792480468750e+02
1.889391479492187500e+02
1.858571166992187500e+02
1.892931671142578125e+02
1.807351379394531250e+02
1.866634826660156250e+02
1.718883972167968750e+02
1.848135070800781250e+02
1.823809051513671875e+02
1.806349945068359375e+02
1.780544433593750000e+02
1.713128509521484375e+02
1.764505157470703125e+02
1.895893554687500000e+02
1.719325408935546875e+02
1.768160095214843750e+02
1.868485565185546875e+02
1.716442871093750000e+02
1.755476074218750000e+02
1.722830505371093750e+02
1.711835021972656250e+02
1.802385406494140625e+02
1.848858642578125000e+02
1.806343994140625000e+02
1.731195068359375000e+02
1.566922760009765625e+02
1.667083892822265625e+02
1.862947998046875000e+02
1.697214355468750000e+02
1.817642364501953125e+02
1.845652465820312500e+02
1.832529907226562500e+02
1.836806182861328125e+02
1.821516113281250000e+02
1.688739776611328125e+02
1.633101806640625000e+02
1.716690826416015625e+02
1.613470611572265625e+02
1.746158752441406250e+02
1.650498809814453125e+02
1.669014892578125000e+02
1.731765899658203125e+02
1.762409667968750000e+02
1.698597259521484375e+02
1.726370544433593750e+02
1.625770721435546875e+02
1.737340850830078125e+02
1.624551696777343750e+02
1.734889678955078125e+02
1.508623504638671875e+02
1.674651336669921875e+02
1.704061889648437500e+02
1.608179321289062500e+02
1.624908447265625000e+02
1.643843688964843750e+02
1.666573638916015625e+02
1.619654693603515625e+02
1.638207702636718750e+02
1.600054168701171875e+02
1.648860321044921875e+02
1.635142211914062500e+02
1.743529663085937500e+02
1.488493957519531250e+02
1.616536102294921875e+02
1.623861999511718750e+02
1.688063812255859375e+02
1.631388092041015625e+02
1.519327392578125000e+02
1.605388336181640625e+02
1.525621032714843750e+02
1.560442199707031250e+02
1.515670013427734375e+02
1.349129333496093750e+02
1.430377655029296875e+02
1.548232879638671875e+02
1.524808349609375000e+02
1.730752105712890625e+02
1.528546142578125000e+02
1.502828521728515625e+02
1.538776092529296875e+02
1.548556060791015625e+02
