1.992837219238281250e+02
1.867607116699218750e+02
1.943999481201171875e+02
1.880097351074218750e+02
2.050912322998046875e+02
1.858749237060546875e+02
1.958772125244140625e+02
1.927573242187500000e+02
1.820516052246093750e+02
1.829930114746093750e+02
1.839942321777343750e+02
1.972956695556640625e+02
1.949905548095703125e+02
1.946900482177734375e+02
1.985810089111328125e+02
1.904795074462890625e+02
2.000217132568359375e+02
1.953600616455078125e+02
1.843680419921875000e+02
1.663920745849609375e+02
1.809091033935546875e+02
1.866076507568359375e+02
1.888512573242187500e+02
1.784663696289062500e+02
1.811970977783203125e+02
1.808703460693359375e+02
1.846536865234375000e+02
1.864539794921875000e+02
1.761291809082031250e+02
1.855350494384765625e+02
1.875238342285156250e+02
1.752645721435546875e+02
1.783315734863281250e+02
1.801671447753906250e+02
1.917717895507812500e+02
1.887413177490234375e+02
1.791781463623046875e+02
1.802609863281250000e+02
1.807748413085937500e+02
1.686748504638671875e+02
1.825251617431640625e+02
1.669399871826171875e+02
1.725983886718750000e+02
1.785018615722656250e+02
1.726029205322265625e+02
1.768712463378906250e+02
1.895503540039062500e+02
1.701213531494140625e+02
1.765844116210937500e+02
1.765841522216796875e+02
1.841281738281250000e+02
1.750708007812500000e+02
1.767631072998046875e+02
1.755205841064453125e+02
1.701211547851562500e+02
1.582642669677734375e+02
1.546658020019531250e+02
1.607472229003906250e+02
1.688645477294921875e+02
1.858011322021484375e+02
1.708904724121093750e+02
1.790389862060546875e+02
1.664228973388671875e+02
1.695154418945312500e+02
1.628542022705078125e+02
1.685093688964843750e+02
1.649458770751953125e+02
1.575283966064453125e+02
1.602726440429687500e+02
1.621832885742187500e+02
1.516402282714843750e+02
1.496467132568359375e+02
1.570536956787109375e+02
1.657258758544921875e+02
1.739382781982421875e+02
1.558719024658203125e+02
1.738227844238281250e+02
1.532296295166015625e+02
1.565126342773437500e+02
1.605218811035156250e+02
1.483335113525390625e+02
1.514731445312500000e+02
1.626379394531250000e+02
1.629427337646484375e+02
1.540195465087890625e+02
1.664224700927734375e+02
1.484058532714843750e+02
1.749739379882812500e+02
1.567892913818359375e+02
1.558546905517578125e+02
1.568278503417968750e+02
1.515401458740234375e+02
1.343414764404296875e+02
1.523151702880859375e+02
1.506308746337890625e+02
1.591008758544921875e+02
1.563289489746093750e+02
1.632400360107421875e+02
1.552342681884765625e+02
1.531120147705078125e+02
