3.121333885192871094e+01
1.662859916687011719e+01
1.211576938629150391e+01
1.059470081329345703e+01
8.170583724975585938e+00
6.638714790344238281e+00
6.473563671112060547e+00
5.256183624267578125e+00
4.815722942352294922e+00
4.423635005950927734e+00
4.040065288543701172e+00
3.789125919342041016e+00
3.431620836257934570e+00
2.965071916580200195e+00
2.899150609970092773e+00
2.629246234893798828e+00
2.476186275482177734e+00
2.436254262924194336e+00
2.329029798507690430e+00
2.244386434555053711e+00
2.170023679733276367e+00
2.041239261627197266e+00
2.010186433792114258e+00
1.939918518066406250e+00
1.887586355209350586e+00
1.820345282554626465e+00
1.758541345596313477e+00
1.708089232444763184e+00
1.711319446563720703e+00
1.629216551780700684e+00
1.568967819213867188e+00
1.481841325759887695e+00
1.489578962326049805e+00
1.432378649711608887e+00
1.449017524719238281e+00
1.365455508232116699e+00
1.304934144020080566e+00
1.253348946571350098e+00
1.227811217308044434e+00
1.173962473869323730e+00
1.160974621772766113e+00
1.121369838714599609e+00
1.059122800827026367e+00
1.032562136650085449e+00
9.675201177597045898e-01
9.625664353370666504e-01
9.064727425575256348e-01
8.626354932785034180e-01
8.280870914459228516e-01
8.142517805099487305e-01
7.985434532165527344e-01
7.569030523300170898e-01
7.056181430816650391e-01
7.035768032073974609e-01
6.739149689674377441e-01
6.353092193603515625e-01
5.937103033065795898e-01
5.605204105377197266e-01
5.404146909713745117e-01
4.823923408985137939e-01
4.633140265941619873e-01
4.437350630760192871e-01
4.057586193084716797e-01
3.890923261642456055e-01
3.481751978397369385e-01
3.510634899139404297e-01
