2.568837738037109375e+01
1.157071208953857422e+01
7.535799980163574219e+00
5.576971530914306641e+00
4.599087238311767578e+00
4.116147994995117188e+00
3.583114147186279297e+00
3.203920364379882812e+00
2.661232471466064453e+00
2.800643444061279297e+00
2.518094778060913086e+00
2.352914810180664062e+00
2.402965068817138672e+00
2.082968235015869141e+00
2.130773067474365234e+00
1.850374579429626465e+00
1.795267820358276367e+00
1.836106419563293457e+00
1.641881465911865234e+00
1.653805971145629883e+00
1.597071051597595215e+00
1.550545096397399902e+00
1.501131772994995117e+00
1.474029421806335449e+00
1.440493583679199219e+00
1.342397809028625488e+00
1.333082675933837891e+00
1.255988836288452148e+00
1.199946403503417969e+00
1.248820304870605469e+00
1.175850272178649902e+00
1.111616611480712891e+00
1.126311779022216797e+00
1.050900816917419434e+00
1.012481093406677246e+00
9.782728552818298340e-01
9.199753403663635254e-01
8.811724781990051270e-01
8.634085655212402344e-01
8.202586770057678223e-01
7.573873400688171387e-01
7.291759848594665527e-01
6.464110016822814941e-01
6.553202271461486816e-01
6.008822917938232422e-01
5.340784788131713867e-01
5.050783753395080566e-01
4.363994300365447998e-01
