3.155425071716308594e+01
1.324915504455566406e+01
1.168069076538085938e+01
8.773847579956054688e+00
6.598938465118408203e+00
6.516095638275146484e+00
5.898755550384521484e+00
5.347942829132080078e+00
4.347620487213134766e+00
4.407759666442871094e+00
3.815515279769897461e+00
3.591469764709472656e+00
3.449971199035644531e+00
3.257668256759643555e+00
3.073076248168945312e+00
2.863958358764648438e+00
2.807929754257202148e+00
2.658251285552978516e+00
2.567686796188354492e+00
2.489754438400268555e+00
2.451905250549316406e+00
2.327850818634033203e+00
2.338072538375854492e+00
2.289741277694702148e+00
2.380021333694458008e+00
2.350898981094360352e+00
2.250247240066528320e+00
2.195572614669799805e+00
2.115159749984741211e+00
2.071988105773925781e+00
2.056348323822021484e+00
1.998785018920898438e+00
1.949500918388366699e+00
1.896372318267822266e+00
1.877573251724243164e+00
1.817462801933288574e+00
1.770371198654174805e+00
1.736849784851074219e+00
1.700756430625915527e+00
1.666837811470031738e+00
1.613015890121459961e+00
1.611266255378723145e+00
1.560733795166015625e+00
1.539823770523071289e+00
1.478688120841979980e+00
1.455485820770263672e+00
1.426706194877624512e+00
1.404394865036010742e+00
1.367650270462036133e+00
1.336451292037963867e+00
1.302510261535644531e+00
1.284729719161987305e+00
1.261986732482910156e+00
1.230716705322265625e+00
1.205451726913452148e+00
1.205460667610168457e+00
1.148794174194335938e+00
1.118164181709289551e+00
1.098870992660522461e+00
1.091880202293395996e+00
1.056949019432067871e+00
1.030083179473876953e+00
1.026610374450683594e+00
9.900481104850769043e-01
9.780164957046508789e-01
9.561786651611328125e-01
9.295036792755126953e-01
9.262751340866088867e-01
9.009346365928649902e-01
8.992645740509033203e-01
8.748890161514282227e-01
8.611233830451965332e-01
8.400992155075073242e-01
8.327388167381286621e-01
8.125572800636291504e-01
8.012800812721252441e-01
7.788681387901306152e-01
7.669708132743835449e-01
7.666559219360351562e-01
7.319062948226928711e-01
7.356775999069213867e-01
7.142937183380126953e-01
7.110123634338378906e-01
6.971541643142700195e-01
6.770046353340148926e-01
6.714791655540466309e-01
6.629472970962524414e-01
6.324617266654968262e-01
6.231909394264221191e-01
6.184934973716735840e-01
6.100685596466064453e-01
5.976040363311767578e-01
5.881282091140747070e-01
6.012057065963745117e-01
5.617564320564270020e-01
5.616208314895629883e-01
5.419092178344726562e-01
5.295331478118896484e-01
5.358064770698547363e-01
5.151345133781433105e-01
