2.438996315002441406e+01
1.285338973999023438e+01
9.742689132690429688e+00
7.847761631011962891e+00
6.970195770263671875e+00
6.408973217010498047e+00
5.713985919952392578e+00
5.514428615570068359e+00
4.669503211975097656e+00
4.167657852172851562e+00
4.100318431854248047e+00
3.535767793655395508e+00
3.341898679733276367e+00
3.339360952377319336e+00
3.089513063430786133e+00
3.031018972396850586e+00
2.898881196975708008e+00
2.839366912841796875e+00
2.784053564071655273e+00
2.731585264205932617e+00
2.722351551055908203e+00
2.653642177581787109e+00
2.621191024780273438e+00
2.564904212951660156e+00
2.570058107376098633e+00
2.571984767913818359e+00
2.521057605743408203e+00
2.521873235702514648e+00
2.510866165161132812e+00
2.488255023956298828e+00
2.494888305664062500e+00
2.467143535614013672e+00
2.473383426666259766e+00
2.436117649078369141e+00
2.442570209503173828e+00
2.431047439575195312e+00
2.421042203903198242e+00
2.414142370223999023e+00
2.420473337173461914e+00
2.406368732452392578e+00
2.399387598037719727e+00
2.403059005737304688e+00
2.396360158920288086e+00
2.390413045883178711e+00
2.386646270751953125e+00
2.382063388824462891e+00
2.382371902465820312e+00
2.373477935791015625e+00
2.370609760284423828e+00
2.365901231765747070e+00
2.362494468688964844e+00
2.356811285018920898e+00
2.353705167770385742e+00
2.342993021011352539e+00
2.343271493911743164e+00
2.334956407546997070e+00
2.333209276199340820e+00
2.305030107498168945e+00
2.295310974121093750e+00
2.333464860916137695e+00
2.273308038711547852e+00
2.238135099411010742e+00
2.158863306045532227e+00
2.019848585128784180e+00
1.887397289276123047e+00
1.880104899406433105e+00
1.666986703872680664e+00
1.513460636138916016e+00
1.403513431549072266e+00
1.300831079483032227e+00
1.215605378150939941e+00
1.149196982383728027e+00
1.108579754829406738e+00
1.034895300865173340e+00
9.922831654548645020e-01
9.578371644020080566e-01
9.186877608299255371e-01
8.888084292411804199e-01
8.641418814659118652e-01
8.181347250938415527e-01
1.025892734527587891e+00
8.027226328849792480e-01
7.719233632087707520e-01
7.493126988410949707e-01
7.351870536804199219e-01
6.899312734603881836e-01
6.991474032402038574e-01
6.417567133903503418e-01
6.351602673530578613e-01
6.152688860893249512e-01
5.902155041694641113e-01
6.083518862724304199e-01
5.803039073944091797e-01
5.555140376091003418e-01
5.551701188087463379e-01
5.499349832534790039e-01
5.217999219894409180e-01
5.054829716682434082e-01
5.444806218147277832e-01
4.685533046722412109e-01
