2.028402900695800781e+01
7.935118198394775391e+00
5.624531269073486328e+00
4.325864315032958984e+00
3.496981382369995117e+00
3.063055753707885742e+00
2.455304384231567383e+00
2.365317344665527344e+00
2.145358324050903320e+00
1.980069637298583984e+00
1.906526565551757812e+00
1.772800087928771973e+00
1.596653223037719727e+00
1.542485594749450684e+00
1.481461524963378906e+00
1.358322858810424805e+00
1.275403976440429688e+00
1.228272914886474609e+00
1.171089529991149902e+00
1.123969554901123047e+00
1.079295516014099121e+00
1.022211790084838867e+00
9.770164489746093750e-01
8.997416496276855469e-01
8.273831009864807129e-01
7.521669268608093262e-01
7.081266045570373535e-01
6.319495439529418945e-01
5.725628137588500977e-01
5.088401436805725098e-01
4.626392424106597900e-01
3.369287252426147461e-01
2.924554347991943359e-01
2.358624041080474854e-01
1.363430470228195190e-01
5.921043455600738525e-02
-1.155091356486082077e-02
-8.137687295675277710e-02
-9.428422898054122925e-02
-1.862761229276657104e-01
-2.527403235435485840e-01
-2.711014151573181152e-01
-3.217122554779052734e-01
-3.403301835060119629e-01
-3.725133538246154785e-01
-4.384968578815460205e-01
-4.022095203399658203e-01
-4.891560673713684082e-01
-4.810588955879211426e-01
