2.486290168762207031e+01
9.567086219787597656e+00
6.840682029724121094e+00
5.853503227233886719e+00
4.581571102142333984e+00
4.182105064392089844e+00
3.425468683242797852e+00
3.129270076751708984e+00
2.812992095947265625e+00
2.651164054870605469e+00
2.528207778930664062e+00
2.412717580795288086e+00
2.245195627212524414e+00
2.150678634643554688e+00
2.098560810089111328e+00
2.028835535049438477e+00
1.945399999618530273e+00
1.892429113388061523e+00
1.814260363578796387e+00
1.770516037940979004e+00
1.728644132614135742e+00
1.671730637550354004e+00
1.621331453323364258e+00
1.579115629196166992e+00
1.560750722885131836e+00
1.479309797286987305e+00
1.468236804008483887e+00
1.427386760711669922e+00
1.385961651802062988e+00
1.333624482154846191e+00
1.296869277954101562e+00
1.273108124732971191e+00
1.239035248756408691e+00
1.203620314598083496e+00
1.185487985610961914e+00
1.158442020416259766e+00
1.116706013679504395e+00
1.103707790374755859e+00
1.075047850608825684e+00
1.051588296890258789e+00
1.020203232765197754e+00
1.010456919670104980e+00
9.845519065856933594e-01
9.475772380828857422e-01
9.361670613288879395e-01
9.405758380889892578e-01
8.982052206993103027e-01
9.014303088188171387e-01
8.626438975334167480e-01
8.447853922843933105e-01
