1.790262031555175781e+01
8.346988677978515625e+00
6.515599727630615234e+00
5.088485717773437500e+00
4.012109756469726562e+00
3.255912065505981445e+00
3.024153232574462891e+00
2.637593984603881836e+00
2.549999952316284180e+00
2.208134174346923828e+00
2.254894971847534180e+00
2.037269592285156250e+00
1.924554228782653809e+00
1.754490137100219727e+00
1.748764634132385254e+00
1.635075807571411133e+00
1.566117763519287109e+00
1.494213581085205078e+00
1.408920526504516602e+00
1.383069634437561035e+00
1.315418958663940430e+00
1.218334317207336426e+00
1.162361621856689453e+00
1.099784493446350098e+00
1.016579627990722656e+00
9.799207448959350586e-01
9.052153229713439941e-01
8.811612725257873535e-01
8.380996584892272949e-01
7.909079194068908691e-01
7.222824096679687500e-01
6.721227765083312988e-01
6.181702613830566406e-01
5.791720747947692871e-01
5.211334824562072754e-01
4.938025176525115967e-01
4.316198527812957764e-01
3.669213950634002686e-01
3.213105797767639160e-01
2.589371502399444580e-01
2.066526114940643311e-01
1.789835244417190552e-01
1.144679635763168335e-01
8.603525161743164062e-02
6.731846928596496582e-02
1.881935074925422668e-02
1.319017447531223297e-02
-1.050097867846488953e-02
-6.728813052177429199e-02
-9.376508742570877075e-02
