9.251229095458984375e+01
9.203536224365234375e+01
1.133334228515625000e+03
1.091709365844726562e+02
1.034488906860351562e+02
1.845958557128906250e+02
1.156282577514648438e+02
5.292374877929687500e+02
1.523192901611328125e+02
2.620879211425781250e+02
1.133053359985351562e+02
1.062030715942382812e+02
4.489076538085937500e+02
9.111850738525390625e+01
1.192973098754882812e+02
8.886120605468750000e+01
1.018492584228515625e+02
8.751216125488281250e+01
1.007979049682617188e+02
7.964705657958984375e+01
1.062215728759765625e+02
1.071719131469726562e+02
8.841336822509765625e+01
4.349654846191406250e+02
2.368280487060546875e+02
9.697270202636718750e+01
1.085634155273437500e+02
1.055036239624023438e+02
9.965008544921875000e+01
9.741576385498046875e+01
1.042585067749023438e+02
1.096353530883789062e+02
1.304930114746093750e+02
1.032421493530273438e+02
1.014628372192382812e+02
1.568423004150390625e+02
1.100198898315429688e+02
1.064670410156250000e+02
1.322587585449218750e+02
7.754924774169921875e+01
8.202449798583984375e+01
9.650555419921875000e+01
2.288356170654296875e+02
3.322403869628906250e+02
9.403333282470703125e+01
6.990273437500000000e+02
9.679843902587890625e+01
9.846655273437500000e+01
9.733098602294921875e+01
1.039017410278320312e+02
9.960065460205078125e+01
1.052965469360351562e+02
1.645036926269531250e+02
1.469161834716796875e+02
1.566585693359375000e+02
1.077835159301757812e+02
8.734027099609375000e+01
5.716342773437500000e+02
1.168289718627929688e+02
1.146209259033203125e+02
1.058475723266601562e+02
1.099805297851562500e+02
1.635164337158203125e+02
1.094190444946289062e+02
1.421165008544921875e+02
1.002189865112304688e+02
3.116193237304687500e+02
1.566048583984375000e+02
1.050507202148437500e+02
1.452516174316406250e+02
1.208154144287109375e+02
1.838777923583984375e+02
1.134728469848632812e+02
1.102849349975585938e+02
9.087508392333984375e+01
1.260114135742187500e+02
1.051703262329101562e+02
1.278494384765625000e+03
1.900851135253906250e+02
3.454682006835937500e+02
1.073373184204101562e+02
7.976290130615234375e+01
9.126053619384765625e+01
2.276087341308593750e+02
1.308124542236328125e+02
9.793965911865234375e+01
3.333839416503906250e+02
8.556180572509765625e+01
1.153234024047851562e+02
5.313834838867187500e+02
1.319363708496093750e+02
3.306438598632812500e+02
3.081374206542968750e+02
1.513106384277343750e+02
1.135596084594726562e+02
9.180994415283203125e+01
8.503282928466796875e+01
1.148975448608398438e+02
7.284584960937500000e+02
2.557695465087890625e+02
9.070772552490234375e+01
1.981162872314453125e+02
9.539662933349609375e+01
8.979492950439453125e+01
1.695599670410156250e+02
1.230904998779296875e+02
8.595107269287109375e+01
1.023900527954101562e+02
1.001522598266601562e+02
1.078918838500976562e+02
2.048885498046875000e+02
1.323953857421875000e+02
1.347686157226562500e+02
1.011156845092773438e+02
9.194746398925781250e+01
1.109076690673828125e+02
1.071483383178710938e+02
1.025017242431640625e+02
1.529246368408203125e+02
1.013551864624023438e+02
9.490687561035156250e+01
1.186950759887695312e+02
1.055042572021484375e+02
1.080770339965820312e+02
1.293926086425781250e+02
1.176618881225585938e+02
1.253206176757812500e+02
1.236355590820312500e+02
8.794489288330078125e+01
1.074635162353515625e+02
1.342838745117187500e+02
9.556083679199218750e+01
1.555938415527343750e+02
1.474460906982421875e+02
9.057965850830078125e+01
1.049188995361328125e+02
1.260894393920898438e+02
3.374266662597656250e+02
9.116046142578125000e+01
8.862351989746093750e+01
1.115597915649414062e+02
1.326058044433593750e+02
8.639270019531250000e+01
1.067009353637695312e+02
2.205180358886718750e+02
8.747979736328125000e+01
1.001666641235351562e+02
1.164679336547851562e+02
3.335158691406250000e+02
1.074730758666992188e+02
1.814523620605468750e+02
1.038642196655273438e+02
1.206235351562500000e+02
1.883226318359375000e+02
9.221781158447265625e+01
1.006831130981445312e+02
1.479344177246093750e+02
9.575528717041015625e+01
7.975152587890625000e+01
1.005764160156250000e+02
1.003726730346679688e+02
1.161844100952148438e+02
9.684273529052734375e+01
8.683525848388671875e+01
1.011690216064453125e+02
1.109421157836914062e+02
7.098689270019531250e+01
1.681289825439453125e+02
9.220102691650390625e+01
9.457963562011718750e+01
9.286775207519531250e+01
1.136454315185546875e+02
9.710788726806640625e+01
9.092298126220703125e+01
1.181541366577148438e+02
7.929939270019531250e+01
1.043503952026367188e+02
1.401066741943359375e+02
1.213302536010742188e+02
1.004991531372070312e+02
1.136805419921875000e+02
1.085966796875000000e+02
1.164451293945312500e+02
9.828873443603515625e+01
8.055316925048828125e+01
1.308681793212890625e+02
1.958964843750000000e+02
1.207569732666015625e+02
1.091790008544921875e+02
9.585378265380859375e+01
1.020887680053710938e+02
1.170405349731445312e+02
9.441477966308593750e+01
1.085341110229492188e+02
1.077283935546875000e+02
1.019345855712890625e+02
1.099700469970703125e+02
8.074314880371093750e+01
9.208697509765625000e+01
1.024456100463867188e+02
9.953308868408203125e+01
8.703243255615234375e+01
1.316942138671875000e+02
1.014904861450195312e+02
1.084687652587890625e+02
9.435478973388671875e+01
1.356610870361328125e+02
9.405860900878906250e+01
1.143275756835937500e+02
1.031931991577148438e+02
1.874287414550781250e+02
1.138934173583984375e+02
1.087070465087890625e+02
1.278387832641601562e+02
1.303459777832031250e+02
9.581559753417968750e+01
9.381333923339843750e+01
9.329547882080078125e+01
8.694549560546875000e+01
1.112574615478515625e+02
1.170910186767578125e+02
1.054836883544921875e+02
1.417854766845703125e+02
1.028088912963867188e+02
1.153342742919921875e+02
9.536657714843750000e+01
9.902555084228515625e+01
8.402254486083984375e+01
2.373088378906250000e+02
1.111498489379882812e+02
1.099768753051757812e+02
8.272962188720703125e+01
1.017832031250000000e+02
9.154860687255859375e+01
9.232357025146484375e+01
1.198694610595703125e+02
1.130160369873046875e+02
1.174821777343750000e+02
8.376606750488281250e+01
8.086811828613281250e+01
1.498599395751953125e+02
1.053093719482421875e+02
9.966123199462890625e+01
7.574443817138671875e+01
1.072438888549804688e+02
1.009798126220703125e+02
1.026040573120117188e+02
9.076979827880859375e+01
8.335456848144531250e+01
1.827725524902343750e+02
