1.325061950683593750e+02
1.989792480468750000e+02
2.142973175048828125e+02
1.336597137451171875e+02
1.168216705322265625e+02
1.114254226684570312e+02
1.090642929077148438e+02
2.190137481689453125e+02
1.136428985595703125e+02
1.021672210693359375e+02
1.017993545532226562e+02
1.150996170043945312e+02
8.384218597412109375e+01
1.087816085815429688e+02
1.730735931396484375e+02
9.292881774902343750e+01
9.788537597656250000e+01
1.007952270507812500e+02
1.098555221557617188e+02
1.666941833496093750e+02
1.584915771484375000e+02
1.050446319580078125e+02
1.288392639160156250e+02
1.023283843994140625e+02
1.819653625488281250e+02
8.924574279785156250e+01
1.761505584716796875e+02
1.653137359619140625e+02
9.224536132812500000e+01
3.993823547363281250e+02
8.882143554687500000e+02
1.098721084594726562e+02
1.342777862548828125e+02
1.448351287841796875e+02
8.774552154541015625e+01
1.374786987304687500e+02
1.693503723144531250e+02
9.540633392333984375e+01
9.268824768066406250e+01
1.110081253051757812e+02
1.002092971801757812e+02
2.896090698242187500e+02
1.985666198730468750e+02
9.906135559082031250e+01
2.028661651611328125e+02
1.086115341186523438e+02
1.022701873779296875e+02
9.898523712158203125e+01
1.087715988159179688e+02
1.085544357299804688e+02
9.316803741455078125e+01
1.059075088500976562e+02
1.086268920898437500e+02
9.294624328613281250e+01
2.544711914062500000e+02
1.146699447631835938e+02
1.472931365966796875e+02
1.144305572509765625e+02
1.044939117431640625e+02
1.355313568115234375e+02
1.883010253906250000e+02
9.550877380371093750e+01
1.681991424560546875e+02
9.897800445556640625e+01
9.907408142089843750e+01
1.089776229858398438e+02
8.863197326660156250e+01
1.069051971435546875e+02
1.002152938842773438e+02
1.029114913940429688e+02
1.053419570922851562e+02
1.385130004882812500e+02
9.709804534912109375e+01
9.711696624755859375e+01
1.287946472167968750e+02
1.315962219238281250e+02
9.233591461181640625e+01
8.641524505615234375e+01
1.224554595947265625e+02
4.327372436523437500e+02
1.428978424072265625e+02
1.026767730712890625e+02
1.096501083374023438e+02
1.677442626953125000e+02
9.684879302978515625e+01
1.102101669311523438e+02
1.176299285888671875e+02
1.414425659179687500e+02
1.008147811889648438e+02
1.064966201782226562e+02
9.964882659912109375e+01
2.030269470214843750e+02
3.317818908691406250e+02
1.102235488891601562e+02
1.029541854858398438e+02
9.277449798583984375e+01
1.155014190673828125e+02
1.183743743896484375e+02
1.065904998779296875e+02
9.612837982177734375e+01
8.796943664550781250e+01
1.005408554077148438e+02
1.099595947265625000e+02
1.000694808959960938e+02
1.771074066162109375e+02
1.899494781494140625e+02
7.946709442138671875e+01
1.105029373168945312e+02
1.917567596435546875e+02
1.081895751953125000e+02
8.686530303955078125e+01
9.278060150146484375e+01
1.916499481201171875e+02
1.047872848510742188e+02
9.867595672607421875e+01
1.751670227050781250e+02
9.339808654785156250e+01
8.254577026367187500e+02
1.361121063232421875e+02
2.157298583984375000e+02
9.183062744140625000e+01
1.144250488281250000e+02
1.024154281616210938e+02
1.524141998291015625e+02
1.965832824707031250e+02
1.819922790527343750e+02
1.021820220947265625e+02
1.415303649902343750e+02
1.270928573608398438e+02
9.233187103271484375e+01
9.470442199707031250e+01
2.127140808105468750e+02
1.982932434082031250e+02
3.036720886230468750e+02
1.602519378662109375e+02
8.773131561279296875e+01
1.080154876708984375e+02
1.124108734130859375e+02
8.794569396972656250e+01
8.095106506347656250e+01
1.198487396240234375e+02
1.115716094970703125e+02
1.337144927978515625e+02
1.710606384277343750e+02
1.529589843750000000e+02
1.454683227539062500e+02
1.551574401855468750e+02
8.400102996826171875e+01
1.220489349365234375e+02
1.085765151977539062e+02
1.111968612670898438e+02
8.572698211669921875e+01
1.369669342041015625e+02
1.399662322998046875e+02
1.069315948486328125e+02
1.545342712402343750e+02
1.285609741210937500e+02
2.321825256347656250e+02
9.799124908447265625e+01
9.177925872802734375e+01
1.348356933593750000e+02
1.178276367187500000e+02
9.692693328857421875e+01
8.426186370849609375e+01
1.161108169555664062e+02
1.014176025390625000e+02
8.343993377685546875e+01
1.486100616455078125e+02
1.265302352905273438e+02
1.741012725830078125e+02
2.856426696777343750e+02
1.035481185913085938e+02
8.978660583496093750e+01
9.575362396240234375e+01
8.511248016357421875e+01
9.011906433105468750e+01
6.093236083984375000e+02
1.143927383422851562e+02
9.529760742187500000e+01
9.353923797607421875e+01
1.129745635986328125e+02
1.100425186157226562e+02
1.693345489501953125e+02
9.792237854003906250e+01
1.000641250610351562e+02
8.391205596923828125e+01
1.127908096313476562e+02
7.982239532470703125e+01
1.342513885498046875e+02
1.239180450439453125e+02
1.013415908813476562e+02
1.193688964843750000e+02
9.352231597900390625e+01
1.010225601196289062e+02
1.851127166748046875e+02
1.959767761230468750e+02
8.065103912353515625e+01
2.939744567871093750e+02
1.370885467529296875e+02
1.274372100830078125e+02
1.045320663452148438e+02
1.970558166503906250e+02
1.478552551269531250e+02
1.124641647338867188e+02
9.314212799072265625e+01
1.197560272216796875e+02
1.040529785156250000e+02
8.730281829833984375e+01
8.781298065185546875e+01
8.811418151855468750e+01
9.745727539062500000e+01
9.944603729248046875e+01
9.092993927001953125e+01
1.367020416259765625e+02
1.157770538330078125e+02
1.126668014526367188e+02
1.047367935180664062e+02
1.219856185913085938e+02
1.005673599243164062e+02
1.268444442749023438e+02
9.091441345214843750e+01
9.497682189941406250e+01
1.352022705078125000e+02
1.576087188720703125e+02
1.132906646728515625e+02
8.025395965576171875e+01
1.126434783935546875e+02
8.474737548828125000e+01
8.453223419189453125e+01
1.145159912109375000e+02
1.051128387451171875e+02
1.256719207763671875e+02
8.018565368652343750e+01
9.471606445312500000e+01
9.450528717041015625e+01
9.242049407958984375e+01
1.082331695556640625e+02
9.704933929443359375e+01
1.229721679687500000e+02
1.016374969482421875e+02
1.102852935791015625e+02
1.586653594970703125e+02
9.333028411865234375e+01
8.868355560302734375e+01
9.547263336181640625e+01
9.943981170654296875e+01
7.894488525390625000e+01
7.597674560546875000e+01
9.917639160156250000e+01
1.125286331176757812e+02
