2.109176635742187500e+00
1.579456448554992676e+00
1.485224604606628418e+00
1.446018934249877930e+00
1.292898416519165039e+00
1.311652183532714844e+00
1.416404843330383301e+00
1.063394546508789062e+00
1.139799833297729492e+00
1.005191326141357422e+00
1.021883487701416016e+00
1.048018097877502441e+00
9.788416028022766113e-01
9.329407811164855957e-01
1.035805583000183105e+00
8.806208968162536621e-01
9.389578700065612793e-01
8.944258689880371094e-01
8.755853772163391113e-01
8.117780685424804688e-01
8.470010757446289062e-01
8.172796964645385742e-01
8.408158421516418457e-01
7.575659155845642090e-01
8.212062120437622070e-01
7.384554147720336914e-01
7.457267045974731445e-01
7.272264361381530762e-01
7.110356688499450684e-01
7.076689600944519043e-01
6.785037517547607422e-01
6.908361315727233887e-01
6.539901494979858398e-01
6.735602021217346191e-01
6.753277778625488281e-01
6.232069134712219238e-01
6.106404662132263184e-01
6.096095442771911621e-01
5.933973789215087891e-01
6.024054884910583496e-01
5.901684165000915527e-01
5.880721211433410645e-01
5.711143016815185547e-01
5.701166391372680664e-01
5.662978291511535645e-01
5.279740691184997559e-01
5.250127315521240234e-01
5.158927440643310547e-01
5.166050791740417480e-01
5.249326825141906738e-01
5.103358626365661621e-01
4.769795536994934082e-01
4.660708308219909668e-01
4.787330925464630127e-01
4.555201232433319092e-01
4.460166990756988525e-01
4.340600669384002686e-01
4.169386029243469238e-01
4.114609658718109131e-01
4.032854437828063965e-01
4.039266407489776611e-01
3.735364377498626709e-01
3.620746731758117676e-01
3.592167198657989502e-01
3.630203902721405029e-01
3.491116166114807129e-01
3.487704694271087646e-01
3.332062065601348877e-01
3.165713548660278320e-01
3.139688074588775635e-01
3.073776364326477051e-01
2.851309478282928467e-01
2.780689299106597900e-01
2.728373408317565918e-01
2.474313229322433472e-01
2.548948228359222412e-01
2.304795384407043457e-01
2.197602242231369019e-01
2.137985825538635254e-01
2.053857296705245972e-01
2.054420560598373413e-01
1.977230459451675415e-01
1.857882589101791382e-01
1.684191524982452393e-01
1.616229414939880371e-01
1.539056152105331421e-01
1.359128504991531372e-01
1.235039681196212769e-01
1.083428189158439636e-01
1.094419881701469421e-01
1.054096519947052002e-01
9.617406129837036133e-02
8.229330182075500488e-02
7.521776109933853149e-02
5.246384814381599426e-02
4.858762398362159729e-02
4.718065261840820312e-02
2.871018461883068085e-02
2.652427740395069122e-02
9.122769348323345184e-03
7.124803960323333740e-03
-1.492591295391321182e-02
-1.725544780492782593e-02
-2.697221003472805023e-02
-4.119909182190895081e-02
-4.838221147656440735e-02
-7.042193412780761719e-02
-5.966323241591453552e-02
-8.069952577352523804e-02
-7.632061094045639038e-02
-9.404116123914718628e-02
-1.111203581094741821e-01
-1.117193624377250671e-01
-1.286283731460571289e-01
-1.443548947572708130e-01
-1.552724540233612061e-01
-1.620577275753021240e-01
-1.808156073093414307e-01
-1.862406879663467407e-01
-2.018453031778335571e-01
-2.155502736568450928e-01
-2.340313196182250977e-01
-2.399680018424987793e-01
-2.516640424728393555e-01
-2.663304507732391357e-01
-2.741189002990722656e-01
-2.998368442058563232e-01
-3.043017685413360596e-01
-3.273015022277832031e-01
-3.426074683666229248e-01
-3.476400375366210938e-01
-3.630805313587188721e-01
-3.903159797191619873e-01
-4.047796428203582764e-01
-4.273671507835388184e-01
-4.371504187583923340e-01
-4.656470715999603271e-01
-4.736459851264953613e-01
-4.866710603237152100e-01
-5.129433274269104004e-01
-5.416254401206970215e-01
-5.607204437255859375e-01
-5.737272500991821289e-01
-6.110831499099731445e-01
-6.281144022941589355e-01
-6.566536426544189453e-01
-6.756799221038818359e-01
-6.298918128013610840e-01
-7.093984484672546387e-01
-7.539415359497070312e-01
-7.571881413459777832e-01
-7.797605991363525391e-01
-8.037713170051574707e-01
-8.381934165954589844e-01
-8.827982544898986816e-01
-8.198426365852355957e-01
-8.947796225547790527e-01
-9.417256116867065430e-01
-9.622464179992675781e-01
-9.146635532379150391e-01
-1.029682040214538574e+00
-1.025857686996459961e+00
-1.023410201072692871e+00
-1.062684655189514160e+00
-1.074500679969787598e+00
-1.083168506622314453e+00
-1.134221315383911133e+00
-1.125453948974609375e+00
-1.151284337043762207e+00
-1.161797404289245605e+00
-1.180541872978210449e+00
-1.167830824851989746e+00
-1.185645103454589844e+00
-1.248070597648620605e+00
-1.253364682197570801e+00
-1.274762868881225586e+00
-1.307121276855468750e+00
-1.333158612251281738e+00
-1.329845547676086426e+00
-1.341913223266601562e+00
-1.371800541877746582e+00
-1.408786416053771973e+00
-1.365874409675598145e+00
-1.363256812095642090e+00
-1.388346910476684570e+00
-1.348079562187194824e+00
-1.505497455596923828e+00
-1.424167633056640625e+00
-1.402611136436462402e+00
-1.386467218399047852e+00
-1.471173882484436035e+00
-1.579803586006164551e+00
-1.543519377708435059e+00
-1.507100343704223633e+00
-1.519170045852661133e+00
-1.578919172286987305e+00
-1.567775726318359375e+00
-1.614767909049987793e+00
-1.621550559997558594e+00
-1.570275545120239258e+00
-1.573582768440246582e+00
-1.595586180686950684e+00
-1.614883899688720703e+00
-1.668139338493347168e+00
-1.591575145721435547e+00
-1.628968477249145508e+00
-1.668681621551513672e+00
-1.691167831420898438e+00
-1.682843446731567383e+00
-1.717310309410095215e+00
-1.651688575744628906e+00
-1.742372870445251465e+00
-1.719255447387695312e+00
-1.759174346923828125e+00
-1.713808417320251465e+00
-1.808339118957519531e+00
-1.744016647338867188e+00
-1.688570261001586914e+00
-1.824669957160949707e+00
-1.788845419883728027e+00
-1.753916621208190918e+00
-1.877463459968566895e+00
-1.808546304702758789e+00
-1.846205115318298340e+00
-1.797355055809020996e+00
-1.851504325866699219e+00
-1.859309315681457520e+00
-1.883818507194519043e+00
-1.904739499092102051e+00
-1.908509850502014160e+00
-1.838493704795837402e+00
-1.810901403427124023e+00
-1.914592385292053223e+00
-1.866056442260742188e+00
-1.888529896736145020e+00
-1.951493024826049805e+00
-1.914378166198730469e+00
-1.908171772956848145e+00
-1.914185643196105957e+00
-1.907295346260070801e+00
-1.978314876556396484e+00
-1.886433720588684082e+00
-2.002084016799926758e+00
-2.013837337493896484e+00
-2.002708196640014648e+00
-1.995669603347778320e+00
-2.016065835952758789e+00
-2.020593404769897461e+00
