2.258024454116821289e+00
1.931630849838256836e+00
1.874411940574645996e+00
1.689144492149353027e+00
1.502511143684387207e+00
1.378200769424438477e+00
1.493496894836425781e+00
1.307119727134704590e+00
1.270232677459716797e+00
1.177891850471496582e+00
1.182120680809020996e+00
1.137110114097595215e+00
1.128639459609985352e+00
1.046483874320983887e+00
9.904796481132507324e-01
1.060787200927734375e+00
1.074252128601074219e+00
1.001459717750549316e+00
9.961706399917602539e-01
9.881736040115356445e-01
9.287849664688110352e-01
9.135935306549072266e-01
9.064723253250122070e-01
9.035527110099792480e-01
8.408928513526916504e-01
8.416556119918823242e-01
8.193654417991638184e-01
8.345311880111694336e-01
8.068817853927612305e-01
8.014414310455322266e-01
8.014378547668457031e-01
7.439877986907958984e-01
7.841969132423400879e-01
7.380346655845642090e-01
7.327296733856201172e-01
7.138254642486572266e-01
7.116855978965759277e-01
7.121729850769042969e-01
7.079945802688598633e-01
6.990408897399902344e-01
6.818033456802368164e-01
6.562532186508178711e-01
6.785291433334350586e-01
6.601041555404663086e-01
6.448938846588134766e-01
6.405908465385437012e-01
6.347250938415527344e-01
6.235241889953613281e-01
6.005656123161315918e-01
6.067829132080078125e-01
5.924487709999084473e-01
5.686035752296447754e-01
5.532560944557189941e-01
5.606711506843566895e-01
5.476354360580444336e-01
5.223867297172546387e-01
5.204212069511413574e-01
5.046247839927673340e-01
5.020537376403808594e-01
4.880370795726776123e-01
4.763545989990234375e-01
4.697949588298797607e-01
4.579365849494934082e-01
4.526311159133911133e-01
4.376835525035858154e-01
4.264198541641235352e-01
4.360632896423339844e-01
4.087552726268768311e-01
4.040563404560089111e-01
3.901916742324829102e-01
3.737837374210357666e-01
3.741070628166198730e-01
3.637244701385498047e-01
3.550113737583160400e-01
3.581855595111846924e-01
3.343593776226043701e-01
3.273395895957946777e-01
3.216283619403839111e-01
3.109704554080963135e-01
3.015717864036560059e-01
2.962132990360260010e-01
2.830662727355957031e-01
2.860330343246459961e-01
2.724392116069793701e-01
2.566489577293395996e-01
2.585274577140808105e-01
2.514471113681793213e-01
2.361050695180892944e-01
2.270322442054748535e-01
2.159575223922729492e-01
2.039935588836669922e-01
2.075553089380264282e-01
1.871927529573440552e-01
1.868003606796264648e-01
1.775725781917572021e-01
1.662948280572891235e-01
1.634056717157363892e-01
1.546237319707870483e-01
1.395771801471710205e-01
1.349286288022994995e-01
1.319689750671386719e-01
1.220234408974647522e-01
1.164149269461631775e-01
1.010861322283744812e-01
9.099879115819931030e-02
8.757658302783966064e-02
7.026817649602890015e-02
7.609699666500091553e-02
6.568959355354309082e-02
5.266641080379486084e-02
3.807904943823814392e-02
3.112063370645046234e-02
3.055122680962085724e-02
2.021661214530467987e-02
1.406748872250318527e-02
-5.725820083171129227e-03
-6.265784613788127899e-03
-1.986214704811573029e-02
-3.137363493442535400e-02
-3.367700800299644470e-02
-5.443181470036506653e-02
-6.029019877314567566e-02
-7.244660705327987671e-02
-8.657503873109817505e-02
-8.903343975543975830e-02
-9.799665957689285278e-02
-1.049032434821128845e-01
-1.244700327515602112e-01
-1.307977437973022461e-01
-1.376660019159317017e-01
-1.352690309286117554e-01
-1.502440422773361206e-01
-1.728265583515167236e-01
-1.724496036767959595e-01
-1.882449984550476074e-01
-1.952131837606430054e-01
-1.991964876651763916e-01
-2.069978863000869751e-01
-2.187123000621795654e-01
-2.234505861997604370e-01
-2.375124841928482056e-01
-2.508878111839294434e-01
-2.587236762046813965e-01
-2.686403393745422363e-01
-2.780381441116333008e-01
-2.811278104782104492e-01
-2.929321229457855225e-01
-3.036653995513916016e-01
-2.941856384277343750e-01
-3.169485628604888916e-01
-3.274929821491241455e-01
-3.418352305889129639e-01
-3.484535515308380127e-01
-3.506385087966918945e-01
-3.620492815971374512e-01
-3.758959472179412842e-01
-3.812417984008789062e-01
-3.882550299167633057e-01
-4.082709252834320068e-01
-4.093248844146728516e-01
-4.154639840126037598e-01
-4.351979196071624756e-01
-4.394548237323760986e-01
-4.447581171989440918e-01
-4.581107497215270996e-01
-4.572177827358245850e-01
-4.658988118171691895e-01
-4.835569262504577637e-01
-4.859518706798553467e-01
-5.057886838912963867e-01
-5.086746811866760254e-01
-5.231280922889709473e-01
-5.279284715652465820e-01
-5.313102006912231445e-01
-5.438097715377807617e-01
-5.549588203430175781e-01
-5.734274387359619141e-01
-5.648667812347412109e-01
-5.794332623481750488e-01
-5.905368328094482422e-01
-6.027988791465759277e-01
-5.994774103164672852e-01
-6.188210844993591309e-01
-6.228559613227844238e-01
-6.302734613418579102e-01
-6.430302262306213379e-01
-6.430487632751464844e-01
-6.594889760017395020e-01
-6.674064397811889648e-01
-6.809767484664916992e-01
-6.824665069580078125e-01
-6.911095976829528809e-01
-7.089416980743408203e-01
-7.050905823707580566e-01
-7.166668772697448730e-01
-7.239382266998291016e-01
-7.493372559547424316e-01
-7.502102851867675781e-01
-7.455323934555053711e-01
-7.607713937759399414e-01
-7.692444920539855957e-01
-7.594377994537353516e-01
-7.855898141860961914e-01
-8.014985322952270508e-01
-8.135638236999511719e-01
-8.143739104270935059e-01
-8.266521096229553223e-01
-8.321931362152099609e-01
-8.447515368461608887e-01
-8.573009371757507324e-01
-8.622329831123352051e-01
-8.698898553848266602e-01
-8.806242346763610840e-01
-8.861471414566040039e-01
-8.866316080093383789e-01
-8.875197172164916992e-01
-9.116281867027282715e-01
-9.174252152442932129e-01
-9.342242479324340820e-01
-9.470803141593933105e-01
-9.462469220161437988e-01
-9.570923447608947754e-01
-9.628621935844421387e-01
-9.818928837776184082e-01
-9.815036058425903320e-01
-1.000288724899291992e+00
-9.999343752861022949e-01
-1.015009045600891113e+00
-1.010739564895629883e+00
-1.018631577491760254e+00
-1.027046203613281250e+00
-1.033555626869201660e+00
-1.055055856704711914e+00
-1.069313049316406250e+00
-1.060822010040283203e+00
-1.082660555839538574e+00
-1.082242250442504883e+00
-1.098326563835144043e+00
-1.114027261734008789e+00
-1.099838137626647949e+00
-1.125738501548767090e+00
-1.126468420028686523e+00
-1.120690345764160156e+00
-1.151037216186523438e+00
-1.157703042030334473e+00
-1.169589877128601074e+00
-1.165349006652832031e+00
-1.183703541755676270e+00
-1.183340430259704590e+00
-1.180033802986145020e+00
