1.101380081176757812e+02
9.696723175048828125e+01
6.928638458251953125e+01
5.519112777709960938e+01
5.113577270507812500e+01
5.198943710327148438e+01
4.584525299072265625e+01
5.413756561279296875e+01
4.781842422485351562e+01
4.506065368652343750e+01
4.206443405151367188e+01
4.485536193847656250e+01
4.342445373535156250e+01
3.806770706176757812e+01
3.773197937011718750e+01
3.918248367309570312e+01
3.958499145507812500e+01
3.226050186157226562e+01
3.489376449584960938e+01
3.361648559570312500e+01
3.989313125610351562e+01
3.691328048706054688e+01
3.475059890747070312e+01
3.314480209350585938e+01
3.893574523925781250e+01
3.359945297241210938e+01
3.767636108398437500e+01
2.866888999938964844e+01
3.772270584106445312e+01
3.512907791137695312e+01
3.227349853515625000e+01
2.949156379699707031e+01
3.352849578857421875e+01
3.489620208740234375e+01
3.116926765441894531e+01
3.011468315124511719e+01
3.606556320190429688e+01
2.896734237670898438e+01
2.727654075622558594e+01
2.909024238586425781e+01
2.878037071228027344e+01
2.544072723388671875e+01
3.066691207885742188e+01
3.728064346313476562e+01
3.037138748168945312e+01
2.674053382873535156e+01
2.747142219543457031e+01
3.107705116271972656e+01
2.569129943847656250e+01
2.721220016479492188e+01
2.982717323303222656e+01
3.120445251464843750e+01
2.419017410278320312e+01
3.107164955139160156e+01
3.117666053771972656e+01
2.752228927612304688e+01
3.081238555908203125e+01
2.815477180480957031e+01
2.928131103515625000e+01
2.318986320495605469e+01
2.148250007629394531e+01
1.966512680053710938e+01
2.695469284057617188e+01
2.526512908935546875e+01
2.340102958679199219e+01
2.757540321350097656e+01
2.564711189270019531e+01
2.584452629089355469e+01
2.172410964965820312e+01
2.295468139648437500e+01
2.072127151489257812e+01
2.750778770446777344e+01
2.548049354553222656e+01
2.238290977478027344e+01
2.550833511352539062e+01
2.231608772277832031e+01
1.832133102416992188e+01
2.672188568115234375e+01
2.377536582946777344e+01
2.413175010681152344e+01
1.891732406616210938e+01
1.996639823913574219e+01
2.289740371704101562e+01
2.409500312805175781e+01
1.991444015502929688e+01
2.275851821899414062e+01
1.887410736083984375e+01
2.027235412597656250e+01
2.199818992614746094e+01
1.632923316955566406e+01
1.589298534393310547e+01
2.152744102478027344e+01
1.898789215087890625e+01
2.006922531127929688e+01
1.713386535644531250e+01
1.692914390563964844e+01
1.830952644348144531e+01
2.021066474914550781e+01
2.165264511108398438e+01
1.227876091003417969e+01
1.953966522216796875e+01
1.864051055908203125e+01
2.224462318420410156e+01
1.952620124816894531e+01
1.925647735595703125e+01
1.573757266998291016e+01
1.951752662658691406e+01
2.425913238525390625e+01
1.964963150024414062e+01
1.799309349060058594e+01
1.906492614746093750e+01
1.998477172851562500e+01
1.406992816925048828e+01
1.811201477050781250e+01
1.368613052368164062e+01
1.679848289489746094e+01
1.764996910095214844e+01
1.677170372009277344e+01
2.149847030639648438e+01
1.638165664672851562e+01
1.769303512573242188e+01
1.635245704650878906e+01
1.506928539276123047e+01
1.540606498718261719e+01
1.588814067840576172e+01
1.730968666076660156e+01
1.879273796081542969e+01
1.852013587951660156e+01
1.838969039916992188e+01
1.559185504913330078e+01
1.791565322875976562e+01
1.784223747253417969e+01
1.651345634460449219e+01
1.700837326049804688e+01
1.573455142974853516e+01
1.526103878021240234e+01
1.552932071685791016e+01
1.628881454467773438e+01
1.721881294250488281e+01
1.365758895874023438e+01
1.266172885894775391e+01
1.168762588500976562e+01
1.644177246093750000e+01
1.306475639343261719e+01
1.874975967407226562e+01
1.449830722808837891e+01
1.392336463928222656e+01
1.562242507934570312e+01
1.616225433349609375e+01
1.440992546081542969e+01
1.184827041625976562e+01
1.690447998046875000e+01
1.735047912597656250e+01
1.645486450195312500e+01
1.364761924743652344e+01
1.076002502441406250e+01
1.472628974914550781e+01
1.572546863555908203e+01
2.060621643066406250e+01
1.606607246398925781e+01
1.429306602478027344e+01
2.177037239074707031e+01
1.553007507324218750e+01
1.689985275268554688e+01
1.537198543548583984e+01
1.051076602935791016e+01
1.721987342834472656e+01
1.815917587280273438e+01
1.344357681274414062e+01
1.820644760131835938e+01
1.548310947418212891e+01
1.780985641479492188e+01
1.610472488403320312e+01
1.827308464050292969e+01
1.578601646423339844e+01
9.132279396057128906e+00
1.537147521972656250e+01
1.304401874542236328e+01
1.645190048217773438e+01
1.669489479064941406e+01
1.511847400665283203e+01
2.149046707153320312e+01
1.534193706512451172e+01
1.869969177246093750e+01
1.445338630676269531e+01
1.500218391418457031e+01
1.323912143707275391e+01
1.568732261657714844e+01
1.571227931976318359e+01
1.612639236450195312e+01
1.384130382537841797e+01
1.831160163879394531e+01
1.521408081054687500e+01
1.484860801696777344e+01
1.447806930541992188e+01
1.424793434143066406e+01
1.771765899658203125e+01
1.588624763488769531e+01
1.419252109527587891e+01
1.486589241027832031e+01
1.291284084320068359e+01
1.298537349700927734e+01
1.399178695678710938e+01
1.333263683319091797e+01
1.405498027801513672e+01
1.397608947753906250e+01
1.630576515197753906e+01
1.834121894836425781e+01
1.881163787841796875e+01
1.589688587188720703e+01
1.366703891754150391e+01
1.574409961700439453e+01
1.407056140899658203e+01
1.344998645782470703e+01
1.359111499786376953e+01
1.033157444000244141e+01
1.591566276550292969e+01
1.447411727905273438e+01
1.616445350646972656e+01
1.435631370544433594e+01
1.634088325500488281e+01
1.507115745544433594e+01
9.680665016174316406e+00
1.243981838226318359e+01
1.666017723083496094e+01
1.524814701080322266e+01
1.018324851989746094e+01
1.442620086669921875e+01
1.423865509033203125e+01
1.293459224700927734e+01
1.320927333831787109e+01
1.373366451263427734e+01
1.173780441284179688e+01
1.239622402191162109e+01
1.482059001922607422e+01
1.152315998077392578e+01
1.633494567871093750e+01
1.436921691894531250e+01
1.082961750030517578e+01
1.256537628173828125e+01
1.614461135864257812e+01
1.829376602172851562e+01
1.288961505889892578e+01
1.025760841369628906e+01
1.233527755737304688e+01
1.343501567840576172e+01
1.382568645477294922e+01
1.322119522094726562e+01
1.290416049957275391e+01
9.197457313537597656e+00
