1.160069656372070312e+02
1.225330429077148438e+02
6.770961761474609375e+01
6.773731231689453125e+01
5.179991149902343750e+01
4.437445449829101562e+01
5.181317901611328125e+01
3.782873916625976562e+01
4.104337310791015625e+01
4.387031173706054688e+01
3.591263580322265625e+01
3.803959655761718750e+01
4.168466186523437500e+01
4.069697952270507812e+01
3.527804183959960938e+01
3.300824737548828125e+01
3.313016510009765625e+01
3.121106338500976562e+01
3.547907257080078125e+01
2.926532745361328125e+01
2.837746047973632812e+01
3.539436721801757812e+01
2.977013015747070312e+01
2.715264701843261719e+01
2.970952033996582031e+01
3.033735275268554688e+01
3.330656433105468750e+01
2.598184585571289062e+01
3.092206001281738281e+01
2.736560630798339844e+01
2.834172058105468750e+01
2.550272941589355469e+01
2.700077438354492188e+01
2.566259765625000000e+01
2.882943916320800781e+01
2.609882164001464844e+01
2.288124084472656250e+01
3.201708984375000000e+01
2.955352210998535156e+01
2.582936096191406250e+01
2.806025314331054688e+01
2.196514892578125000e+01
2.259037780761718750e+01
2.722147941589355469e+01
2.938688659667968750e+01
2.479471015930175781e+01
2.607330894470214844e+01
2.253200531005859375e+01
2.515337371826171875e+01
2.344464111328125000e+01
2.370333290100097656e+01
2.101040840148925781e+01
2.190175056457519531e+01
2.220696067810058594e+01
2.314340591430664062e+01
2.776746559143066406e+01
2.425233459472656250e+01
2.094854164123535156e+01
2.114977836608886719e+01
2.048041534423828125e+01
1.901707077026367188e+01
2.141670989990234375e+01
2.258274841308593750e+01
2.000718879699707031e+01
2.354223823547363281e+01
2.255728721618652344e+01
1.656598854064941406e+01
1.684473419189453125e+01
1.659623146057128906e+01
2.257165336608886719e+01
2.030213356018066406e+01
1.979479408264160156e+01
1.802505302429199219e+01
1.735137176513671875e+01
2.235756301879882812e+01
1.790262413024902344e+01
1.800835227966308594e+01
1.877887344360351562e+01
2.006588172912597656e+01
2.258732604980468750e+01
1.797875785827636719e+01
1.818914794921875000e+01
1.535777759552001953e+01
2.096374130249023438e+01
1.772320747375488281e+01
1.603246116638183594e+01
1.420855426788330078e+01
1.509177684783935547e+01
1.880036544799804688e+01
1.636285209655761719e+01
1.365522480010986328e+01
1.809899139404296875e+01
1.299249935150146484e+01
1.451430225372314453e+01
1.291027450561523438e+01
1.425043678283691406e+01
1.479181003570556641e+01
1.989813613891601562e+01
1.733624267578125000e+01
1.541154766082763672e+01
1.827420425415039062e+01
1.724278259277343750e+01
1.842492485046386719e+01
1.271281909942626953e+01
1.269512844085693359e+01
1.511559867858886719e+01
1.684855079650878906e+01
1.239360713958740234e+01
1.521658325195312500e+01
1.337912082672119141e+01
1.231513500213623047e+01
1.334236431121826172e+01
1.540972232818603516e+01
1.825904273986816406e+01
1.485328483581542969e+01
1.194921207427978516e+01
1.654541206359863281e+01
1.135167217254638672e+01
1.526766109466552734e+01
1.704090690612792969e+01
1.200800418853759766e+01
1.575570392608642578e+01
1.918148040771484375e+01
1.263755321502685547e+01
1.246564292907714844e+01
1.213802337646484375e+01
1.269127273559570312e+01
1.372015190124511719e+01
1.418232631683349609e+01
1.629031181335449219e+01
1.346416759490966797e+01
1.003041267395019531e+01
1.386543560028076172e+01
1.312184524536132812e+01
1.222292423248291016e+01
1.398355102539062500e+01
1.219636631011962891e+01
1.157593345642089844e+01
1.388157463073730469e+01
1.150122165679931641e+01
1.106400108337402344e+01
1.122033023834228516e+01
1.334985065460205078e+01
8.721849441528320312e+00
1.396324634552001953e+01
1.330140781402587891e+01
1.251682949066162109e+01
1.055734348297119141e+01
1.340311241149902344e+01
1.591673183441162109e+01
1.113272762298583984e+01
8.793096542358398438e+00
1.547854900360107422e+01
1.021945762634277344e+01
1.242654323577880859e+01
1.242691993713378906e+01
9.255055427551269531e+00
1.578586006164550781e+01
1.161158561706542969e+01
1.283484363555908203e+01
1.096453666687011719e+01
1.005525112152099609e+01
1.191038513183593750e+01
6.387665271759033203e+00
8.003144264221191406e+00
1.466605663299560547e+01
1.348567962646484375e+01
1.126852321624755859e+01
9.805396080017089844e+00
1.313231182098388672e+01
9.332094192504882812e+00
8.090449333190917969e+00
9.685879707336425781e+00
1.343681049346923828e+01
9.028413772583007812e+00
1.169552135467529297e+01
1.225840473175048828e+01
1.260242176055908203e+01
1.115552997589111328e+01
9.997477531433105469e+00
1.059540748596191406e+01
5.385680198669433594e+00
1.288180732727050781e+01
1.036849784851074219e+01
1.260406398773193359e+01
1.059271621704101562e+01
1.009834480285644531e+01
1.384242153167724609e+01
1.255350399017333984e+01
1.169944763183593750e+01
9.623668670654296875e+00
1.122329044342041016e+01
1.000026416778564453e+01
1.099941253662109375e+01
8.226883888244628906e+00
9.919972419738769531e+00
1.187740516662597656e+01
9.981417655944824219e+00
9.399833679199218750e+00
1.202582263946533203e+01
1.001177787780761719e+01
1.207690334320068359e+01
1.118944931030273438e+01
1.064302253723144531e+01
8.985569953918457031e+00
1.109153556823730469e+01
1.161360740661621094e+01
9.508089065551757812e+00
1.201994228363037109e+01
9.741008758544921875e+00
1.027780151367187500e+01
1.105833339691162109e+01
1.232635021209716797e+01
9.035043716430664062e+00
1.013700008392333984e+01
9.607880592346191406e+00
1.110612010955810547e+01
8.592605590820312500e+00
9.693110466003417969e+00
9.392317771911621094e+00
7.610451221466064453e+00
1.212324333190917969e+01
7.538076400756835938e+00
9.089251518249511719e+00
9.176773071289062500e+00
8.730542182922363281e+00
8.105031967163085938e+00
1.130583572387695312e+01
8.658716201782226562e+00
1.020263099670410156e+01
1.068420982360839844e+01
8.982829093933105469e+00
9.831945419311523438e+00
8.555384635925292969e+00
6.590496540069580078e+00
6.814222335815429688e+00
1.229187583923339844e+01
1.180089187622070312e+01
1.054041862487792969e+01
1.126233959197998047e+01
1.276357460021972656e+01
8.385756492614746094e+00
7.576326847076416016e+00
6.799506664276123047e+00
8.310028076171875000e+00
1.041550064086914062e+01
6.655102729797363281e+00
8.284024238586425781e+00
9.917520523071289062e+00
8.648041725158691406e+00
