2.343633919954299927e-01
1.627763366699218750e+01
3.478005528450012207e-01
3.669033765792846680e+00
2.246707916259765625e+00
1.947008013725280762e+00
7.669021487236022949e-01
4.869530797004699707e-01
4.561448395252227783e-01
4.307720363140106201e-01
3.942835927009582520e-01
3.698988258838653564e-01
3.626851737499237061e-01
3.580577373504638672e-01
3.542933166027069092e-01
3.519281744956970215e-01
3.508148193359375000e-01
3.500301241874694824e-01
3.493906259536743164e-01
3.487052023410797119e-01
3.477878272533416748e-01
3.465381264686584473e-01
3.445811271667480469e-01
3.418430387973785400e-01
3.385614752769470215e-01
3.347171545028686523e-01
3.302658200263977051e-01
3.249479532241821289e-01
3.188812136650085449e-01
3.115075826644897461e-01
3.029624521732330322e-01
2.925739586353302002e-01
2.803694307804107666e-01
2.647997438907623291e-01
2.463356852531433105e-01
2.262969464063644409e-01
2.059333026409149170e-01
1.865622252225875854e-01
1.664122641086578369e-01
1.467370986938476562e-01
1.258064061403274536e-01
1.077659279108047485e-01
9.290601313114166260e-02
8.124302327632904053e-02
7.262463122606277466e-02
6.679919362068176270e-02
6.344524025917053223e-02
6.217097491025924683e-02
6.250391155481338501e-02
6.389344483613967896e-02
6.574273854494094849e-02
6.746903061866760254e-02
6.857816129922866821e-02
6.873351335525512695e-02
6.779599934816360474e-02
6.582478433847427368e-02
6.303831934928894043e-02
5.975295603275299072e-02
5.630344152450561523e-02
5.298345908522605896e-02
5.000240728259086609e-02
4.747598990797996521e-02
4.543529823422431946e-02
4.385286569595336914e-02
4.266911000013351440e-02
4.181293398141860962e-02
4.121303930878639221e-02
4.079954698681831360e-02
4.050189629197120667e-02
4.024747759103775024e-02
3.996471315622329712e-02
3.959067538380622864e-02
3.908050805330276489e-02
3.841550275683403015e-02
3.760631754994392395e-02
3.668966144323348999e-02
3.571925684809684753e-02
3.475381806492805481e-02
3.384517133235931396e-02
3.303015977144241333e-02
3.232741728425025940e-02
3.173885494470596313e-02
3.125422447919845581e-02
3.085653483867645264e-02
3.052671253681182861e-02
3.024620376527309418e-02
2.999784983694553375e-02
2.976542897522449493e-02
2.953368239104747772e-02
2.928879298269748688e-02
2.901973389089107513e-02
2.872044406831264496e-02
2.839065529406070709e-02
2.803598903119564056e-02
2.766641415655612946e-02
2.729392983019351959e-02
2.692999690771102905e-02
2.658334560692310333e-02
2.625880390405654907e-02
2.595741488039493561e-02
