1.497229933738708496e+00
1.042904853820800781e+00
8.403415679931640625e-01
7.165948748588562012e-01
6.099440455436706543e-01
5.136700272560119629e-01
4.175810515880584717e-01
3.273397982120513916e-01
2.382891178131103516e-01
1.560133844614028931e-01
5.183410272002220154e-02
-4.778200387954711914e-02
-1.527363657951354980e-01
-2.749084532260894775e-01
-4.416161775588989258e-01
-6.754010319709777832e-01
-8.850673437118530273e-01
-1.084082722663879395e+00
-1.237324714660644531e+00
-1.341073870658874512e+00
-1.469696283340454102e+00
-1.551566004753112793e+00
-1.632026910781860352e+00
-1.683994412422180176e+00
-1.768209457397460938e+00
-1.817063331604003906e+00
-1.847716450691223145e+00
-1.883660078048706055e+00
-1.921784639358520508e+00
-1.962342023849487305e+00
