2.776085281372070312e+01
8.328748703002929688e+00
5.847969532012939453e+00
4.836678028106689453e+00
4.008790969848632812e+00
3.274164438247680664e+00
3.097411155700683594e+00
2.557133436203002930e+00
2.229535818099975586e+00
2.149841308593750000e+00
1.964658498764038086e+00
1.791599750518798828e+00
1.738122344017028809e+00
1.559567213058471680e+00
1.535577535629272461e+00
1.420938730239868164e+00
1.344523668289184570e+00
1.296718239784240723e+00
1.221973180770874023e+00
1.130711674690246582e+00
1.079010486602783203e+00
9.949358105659484863e-01
9.457377195358276367e-01
8.843461871147155762e-01
7.931854128837585449e-01
7.304441332817077637e-01
6.692205071449279785e-01
5.958724617958068848e-01
5.414614677429199219e-01
4.656423628330230713e-01
4.594875574111938477e-01
3.428213298320770264e-01
3.029618859291076660e-01
2.527648508548736572e-01
1.932091265916824341e-01
1.293073594570159912e-01
1.221628263592720032e-01
2.087157592177391052e-02
-3.428883850574493408e-02
-7.790345698595046997e-02
-1.174628138542175293e-01
-1.723368763923645020e-01
-1.982358098030090332e-01
-2.191400527954101562e-01
-2.928869426250457764e-01
-3.186438679695129395e-01
-3.596603870391845703e-01
-3.607122898101806641e-01
-3.876301646232604980e-01
-4.184891283512115479e-01
-4.710825085639953613e-01
-5.069018006324768066e-01
-4.959424138069152832e-01
-5.395357012748718262e-01
-5.481401085853576660e-01
