1.962236633300781250e+02
2.000420227050781250e+02
1.966025390625000000e+02
1.891025238037109375e+02
1.902111511230468750e+02
1.798091583251953125e+02
1.596496887207031250e+02
1.971503143310546875e+02
2.045967254638671875e+02
1.886544647216796875e+02
1.897267913818359375e+02
1.833156585693359375e+02
1.793384552001953125e+02
1.988336944580078125e+02
1.446284332275390625e+02
2.126189422607421875e+02
1.981130676269531250e+02
2.082561187744140625e+02
1.883685760498046875e+02
1.681893768310546875e+02
1.942340698242187500e+02
1.830646209716796875e+02
1.871026763916015625e+02
1.771125335693359375e+02
1.878981933593750000e+02
1.903912506103515625e+02
1.579685516357421875e+02
2.119719696044921875e+02
1.818601074218750000e+02
1.873962402343750000e+02
2.044501647949218750e+02
1.931935577392578125e+02
1.894499053955078125e+02
1.999104766845703125e+02
1.822763366699218750e+02
1.931570892333984375e+02
1.988248901367187500e+02
2.039918365478515625e+02
1.676207275390625000e+02
1.605877380371093750e+02
2.030264282226562500e+02
1.707340850830078125e+02
1.684572143554687500e+02
2.013539276123046875e+02
1.946029357910156250e+02
1.656376647949218750e+02
1.855336151123046875e+02
1.993836364746093750e+02
1.662021331787109375e+02
2.006273956298828125e+02
1.871355743408203125e+02
2.083585968017578125e+02
1.790971069335937500e+02
1.962175140380859375e+02
2.067900695800781250e+02
1.618825378417968750e+02
1.642067108154296875e+02
1.877592163085937500e+02
1.820659942626953125e+02
1.978919372558593750e+02
1.663420867919921875e+02
1.699452972412109375e+02
1.748509216308593750e+02
2.135118103027343750e+02
1.708364410400390625e+02
1.801992187500000000e+02
1.747720489501953125e+02
1.621564178466796875e+02
2.049013366699218750e+02
1.971884002685546875e+02
1.595206451416015625e+02
1.789314727783203125e+02
1.722057342529296875e+02
1.749131622314453125e+02
1.867752227783203125e+02
1.815558166503906250e+02
1.814166717529296875e+02
1.805534973144531250e+02
1.988881988525390625e+02
1.691750488281250000e+02
1.746444244384765625e+02
1.854819946289062500e+02
2.092502136230468750e+02
1.929631500244140625e+02
1.791565093994140625e+02
2.281664123535156250e+02
1.955196380615234375e+02
1.811554870605468750e+02
1.839531707763671875e+02
1.580518341064453125e+02
1.677628631591796875e+02
1.871243286132812500e+02
1.869241638183593750e+02
1.726109771728515625e+02
1.886371459960937500e+02
2.025893096923828125e+02
1.727807464599609375e+02
1.806779632568359375e+02
1.796821136474609375e+02
1.859171752929687500e+02
