1.899539489746093750e+02
1.917063446044921875e+02
1.864669952392578125e+02
1.823157501220703125e+02
1.745132598876953125e+02
1.984912261962890625e+02
1.815148925781250000e+02
2.131706848144531250e+02
2.013243255615234375e+02
1.715611877441406250e+02
1.956375732421875000e+02
1.750080413818359375e+02
1.860673675537109375e+02
1.849423370361328125e+02
1.679349060058593750e+02
1.936081848144531250e+02
1.926427764892578125e+02
2.129162750244140625e+02
1.949743194580078125e+02
2.010306701660156250e+02
1.817532043457031250e+02
1.887148132324218750e+02
1.908141632080078125e+02
2.129109039306640625e+02
1.943909606933593750e+02
1.687845764160156250e+02
1.966956939697265625e+02
2.185139465332031250e+02
1.824724731445312500e+02
1.788459014892578125e+02
1.715498046875000000e+02
1.989261932373046875e+02
1.905616455078125000e+02
2.131325988769531250e+02
1.869718627929687500e+02
1.878263854980468750e+02
1.778207244873046875e+02
1.966448364257812500e+02
2.161762390136718750e+02
2.186794128417968750e+02
1.988931274414062500e+02
1.931360626220703125e+02
1.863184967041015625e+02
1.883156280517578125e+02
1.911891479492187500e+02
2.025266723632812500e+02
1.793591003417968750e+02
1.846278381347656250e+02
1.919676361083984375e+02
1.723955688476562500e+02
1.836288146972656250e+02
1.767102661132812500e+02
1.975947570800781250e+02
2.122587127685546875e+02
1.950266418457031250e+02
1.964931335449218750e+02
1.996518707275390625e+02
2.065129699707031250e+02
1.712371673583984375e+02
1.726033020019531250e+02
1.965250701904296875e+02
1.678970336914062500e+02
1.837813873291015625e+02
2.158748779296875000e+02
2.362775115966796875e+02
1.746517639160156250e+02
2.149044952392578125e+02
1.838694763183593750e+02
1.997250518798828125e+02
1.824068450927734375e+02
1.741833496093750000e+02
2.258512115478515625e+02
1.756793060302734375e+02
2.126816406250000000e+02
1.962926177978515625e+02
1.640944824218750000e+02
1.805979309082031250e+02
2.037148590087890625e+02
1.858907012939453125e+02
1.895433959960937500e+02
1.911191864013671875e+02
1.830867309570312500e+02
1.671557159423828125e+02
1.666401672363281250e+02
1.712567749023437500e+02
1.657468872070312500e+02
2.052792205810546875e+02
1.886674957275390625e+02
2.119684143066406250e+02
2.183512573242187500e+02
1.756032562255859375e+02
2.002731170654296875e+02
1.711039886474609375e+02
1.947654418945312500e+02
1.827978668212890625e+02
1.782866821289062500e+02
1.978626556396484375e+02
1.930953063964843750e+02
1.643381958007812500e+02
1.965147399902343750e+02
