2.109114074707031250e+02
2.026096496582031250e+02
1.900304565429687500e+02
2.500033416748046875e+02
2.000206298828125000e+02
2.051662292480468750e+02
1.930470581054687500e+02
1.840270996093750000e+02
1.944930114746093750e+02
1.810859069824218750e+02
2.003870239257812500e+02
1.782422637939453125e+02
1.889338989257812500e+02
2.234971313476562500e+02
1.797928161621093750e+02
1.870824127197265625e+02
1.896076049804687500e+02
2.118934631347656250e+02
1.882671661376953125e+02
1.968347625732421875e+02
1.825712432861328125e+02
1.718948669433593750e+02
2.005305328369140625e+02
1.671733093261718750e+02
1.729227905273437500e+02
1.897939300537109375e+02
1.709327545166015625e+02
1.863270721435546875e+02
1.795617675781250000e+02
1.941360626220703125e+02
1.641126403808593750e+02
2.051794891357421875e+02
1.657211914062500000e+02
1.781827697753906250e+02
1.994050292968750000e+02
1.949292755126953125e+02
1.847351074218750000e+02
2.034361572265625000e+02
2.082739410400390625e+02
1.725907745361328125e+02
2.047269287109375000e+02
1.675488433837890625e+02
1.971996459960937500e+02
1.835603179931640625e+02
1.671392974853515625e+02
1.830299072265625000e+02
1.809312591552734375e+02
1.934827117919921875e+02
2.234217987060546875e+02
2.205463867187500000e+02
1.996119689941406250e+02
1.766414642333984375e+02
1.815974731445312500e+02
1.888766174316406250e+02
1.736071624755859375e+02
1.870035400390625000e+02
1.971312561035156250e+02
1.971411437988281250e+02
1.943524627685546875e+02
1.859654998779296875e+02
1.955092468261718750e+02
1.982439270019531250e+02
2.134046020507812500e+02
1.869098052978515625e+02
1.840059661865234375e+02
1.967374572753906250e+02
1.714954986572265625e+02
1.726394042968750000e+02
1.668892059326171875e+02
1.838627471923828125e+02
1.930709381103515625e+02
1.842545013427734375e+02
1.930932464599609375e+02
2.095884094238281250e+02
1.559712219238281250e+02
1.865226745605468750e+02
1.756160888671875000e+02
2.018815002441406250e+02
1.814865570068359375e+02
1.837329254150390625e+02
1.945963897705078125e+02
1.658059082031250000e+02
1.803315734863281250e+02
1.597963409423828125e+02
1.968914642333984375e+02
1.858388061523437500e+02
1.709230346679687500e+02
1.765314178466796875e+02
1.607297515869140625e+02
1.825564117431640625e+02
1.994969329833984375e+02
1.958780059814453125e+02
1.719659271240234375e+02
2.120945129394531250e+02
1.686596374511718750e+02
1.790302581787109375e+02
1.959445190429687500e+02
1.904398040771484375e+02
1.645729827880859375e+02
1.889073181152343750e+02
