2.521027374267578125e+01
9.635747909545898438e+00
6.696218967437744141e+00
5.212213516235351562e+00
4.454888820648193359e+00
3.775510787963867188e+00
3.440555572509765625e+00
3.103709697723388672e+00
2.845347881317138672e+00
2.638273000717163086e+00
2.524148464202880859e+00
2.452256917953491211e+00
2.359501600265502930e+00
2.314650297164916992e+00
2.268119573593139648e+00
2.226807117462158203e+00
2.163873434066772461e+00
2.068568706512451172e+00
1.833009243011474609e+00
1.653295159339904785e+00
1.477096438407897949e+00
1.338398933410644531e+00
1.221705675125122070e+00
1.081011891365051270e+00
1.012318968772888184e+00
9.060631990432739258e-01
8.002646565437316895e-01
7.468793392181396484e-01
6.578577756881713867e-01
5.755301713943481445e-01
5.071741342544555664e-01
4.452651739120483398e-01
3.637723624706268311e-01
