2.376445388793945312e+01
9.918567657470703125e+00
7.049708366394042969e+00
6.072692394256591797e+00
4.901696205139160156e+00
4.235383987426757812e+00
3.693516969680786133e+00
3.316822290420532227e+00
3.075805664062500000e+00
2.930624723434448242e+00
2.797494173049926758e+00
2.668160915374755859e+00
2.643624544143676758e+00
2.585834741592407227e+00
2.535432100296020508e+00
2.506521224975585938e+00
2.483217239379882812e+00
2.463297128677368164e+00
2.441752910614013672e+00
2.420459985733032227e+00
2.412108898162841797e+00
2.400523185729980469e+00
2.395540714263916016e+00
2.390631437301635742e+00
2.385662794113159180e+00
2.382085084915161133e+00
2.373462677001953125e+00
2.381443500518798828e+00
2.377603769302368164e+00
2.373950719833374023e+00
2.367101192474365234e+00
2.360607862472534180e+00
2.345250129699707031e+00
2.343423128128051758e+00
2.343261718750000000e+00
2.294445753097534180e+00
2.232133150100708008e+00
2.196192026138305664e+00
2.139777421951293945e+00
2.129086494445800781e+00
1.957960724830627441e+00
1.634019970893859863e+00
1.351921081542968750e+00
1.177630662918090820e+00
1.031278014183044434e+00
9.362286925315856934e-01
8.062618374824523926e-01
6.983863115310668945e-01
6.230906844139099121e-01
5.430295467376708984e-01
4.790972769260406494e-01
4.045283496379852295e-01
3.490926325321197510e-01
2.656358480453491211e-01
