2.229876279830932617e+00
1.551706910133361816e+00
1.290561437606811523e+00
1.073334574699401855e+00
9.930213689804077148e-01
8.517360091209411621e-01
8.016543388366699219e-01
7.639894485473632812e-01
7.122871875762939453e-01
6.682279109954833984e-01
6.297234296798706055e-01
5.785732865333557129e-01
5.386665463447570801e-01
5.040198564529418945e-01
4.656683206558227539e-01
4.261273443698883057e-01
3.911772668361663818e-01
3.497161269187927246e-01
3.112205564975738525e-01
2.773744761943817139e-01
2.432346642017364502e-01
2.061781585216522217e-01
1.673448383808135986e-01
1.306424736976623535e-01
8.872003108263015747e-02
5.182808637619018555e-02
-2.676838077604770660e-03
-5.013157054781913757e-02
-1.055532395839691162e-01
-1.735346317291259766e-01
-2.370655536651611328e-01
-2.912315428256988525e-01
-3.411316871643066406e-01
-3.728788495063781738e-01
-4.052961766719818115e-01
-4.298763871192932129e-01
-4.407187402248382568e-01
-4.613458216190338135e-01
-4.642370939254760742e-01
-4.714933037757873535e-01
-4.725739657878875732e-01
-4.808593392372131348e-01
-4.855090081691741943e-01
-4.872880578041076660e-01
-4.895860850811004639e-01
-4.923555850982666016e-01
-4.922006130218505859e-01
-4.952054023742675781e-01
-4.981040358543395996e-01
-4.978266656398773193e-01
-4.990115463733673096e-01
-5.019242763519287109e-01
-5.029880404472351074e-01
-5.041196942329406738e-01
-5.067621469497680664e-01
-5.065482258796691895e-01
-5.079531669616699219e-01
-5.077198743820190430e-01
-5.106358528137207031e-01
-5.133404135704040527e-01
-5.122460126876831055e-01
-5.157734751701354980e-01
-5.157413482666015625e-01
-5.182297825813293457e-01
-5.196900367736816406e-01
-5.185392498970031738e-01
-5.222843289375305176e-01
-5.243238210678100586e-01
-5.251294374465942383e-01
-5.257331132888793945e-01
-5.273728966712951660e-01
-5.264423489570617676e-01
-5.299386978149414062e-01
-5.329421758651733398e-01
-5.337164402008056641e-01
-5.349085927009582520e-01
-5.350367426872253418e-01
-5.373800396919250488e-01
-5.377747416496276855e-01
-5.417274236679077148e-01
-5.391964912414550781e-01
-5.418087840080261230e-01
-5.404759049415588379e-01
-5.430732965469360352e-01
-5.454806089401245117e-01
-5.452991127967834473e-01
-5.471860766410827637e-01
-5.465477108955383301e-01
-5.484225153923034668e-01
-5.494289994239807129e-01
-5.515532493591308594e-01
-5.503971576690673828e-01
-5.558733344078063965e-01
-5.542110204696655273e-01
-5.565847158432006836e-01
-5.551913380622863770e-01
-5.582435727119445801e-01
-5.608365535736083984e-01
-5.602178573608398438e-01
-5.619861483573913574e-01
-5.634054541587829590e-01
-5.624105930328369141e-01
-5.655884146690368652e-01
-5.676054954528808594e-01
-5.677751898765563965e-01
-5.712302327156066895e-01
-5.707791447639465332e-01
-5.634342432022094727e-01
-5.749933123588562012e-01
-5.776088833808898926e-01
-5.763630270957946777e-01
-5.781783461570739746e-01
-5.794248580932617188e-01
-5.811256766319274902e-01
-5.823003649711608887e-01
-5.830474495887756348e-01
-5.863781571388244629e-01
-5.885832309722900391e-01
-5.906395316123962402e-01
-5.930156707763671875e-01
-5.956830978393554688e-01
-5.960975885391235352e-01
-5.948551893234252930e-01
-5.971557497978210449e-01
-5.987883210182189941e-01
-6.013415455818176270e-01
-6.048280000686645508e-01
-6.088867187500000000e-01
-6.096802353858947754e-01
-6.095232963562011719e-01
-6.144328117370605469e-01
-6.137716174125671387e-01
-6.166444420814514160e-01
-6.190676093101501465e-01
-6.229562163352966309e-01
-6.241949796676635742e-01
-6.237717866897583008e-01
-6.237772107124328613e-01
-6.301096677780151367e-01
-5.996631979942321777e-01
-5.768621563911437988e-01
-6.081432104110717773e-01
-6.283646225929260254e-01
-6.373214125633239746e-01
-6.376095414161682129e-01
-6.233215928077697754e-01
-6.247935295104980469e-01
-6.336641907691955566e-01
-6.495348811149597168e-01
-6.346017122268676758e-01
-6.331403255462646484e-01
-6.121195554733276367e-01
-6.502653360366821289e-01
-6.548188328742980957e-01
-6.595880389213562012e-01
-6.599210500717163086e-01
-6.588845849037170410e-01
-6.664208173751831055e-01
-6.404157876968383789e-01
-6.575968265533447266e-01
-6.677288413047790527e-01
-6.738170981407165527e-01
-6.688702702522277832e-01
-6.715731024742126465e-01
-6.796083450317382812e-01
-6.766264438629150391e-01
-6.745592355728149414e-01
-6.584621667861938477e-01
-6.806027889251708984e-01
-6.802223920822143555e-01
-6.935814619064331055e-01
-6.743169426918029785e-01
-6.881402134895324707e-01
-6.999334096908569336e-01
-6.766200661659240723e-01
-6.977189183235168457e-01
-7.056233882904052734e-01
-6.968509554862976074e-01
-7.143498063087463379e-01
-7.104227542877197266e-01
-7.172586917877197266e-01
-7.185946106910705566e-01
-7.261663079261779785e-01
-6.952134370803833008e-01
-7.032907605171203613e-01
-7.268853783607482910e-01
-7.354883551597595215e-01
-7.193533182144165039e-01
-7.364526987075805664e-01
-7.414836287498474121e-01
-5.977025032043457031e-01
-6.246479749679565430e-01
-6.770831346511840820e-01
-7.104562520980834961e-01
-7.324330806732177734e-01
-7.420886754989624023e-01
-7.437699437141418457e-01
-7.453451156616210938e-01
-7.474192380905151367e-01
-7.594455480575561523e-01
-7.661008834838867188e-01
-7.641617059707641602e-01
-7.596080303192138672e-01
-7.521408796310424805e-01
-7.473835945129394531e-01
-7.662816047668457031e-01
-7.689332365989685059e-01
-7.771707177162170410e-01
-7.490043044090270996e-01
-7.396898269653320312e-01
-7.685962319374084473e-01
-7.569425702095031738e-01
-7.277390360832214355e-01
-7.836484313011169434e-01
-7.890724539756774902e-01
-7.961160540580749512e-01
-7.996673583984375000e-01
-8.026888370513916016e-01
-7.796468138694763184e-01
-7.984833121299743652e-01
-7.829364538192749023e-01
-8.134879469871520996e-01
-8.148003220558166504e-01
-8.175742626190185547e-01
-8.066301345825195312e-01
-7.989410161972045898e-01
-8.117467164993286133e-01
-8.264939188957214355e-01
-7.754291892051696777e-01
-8.303262591361999512e-01
-8.162323236465454102e-01
-8.367002606391906738e-01
-8.455973863601684570e-01
-8.345116376876831055e-01
-8.410426974296569824e-01
-7.262037992477416992e-01
-7.886275053024291992e-01
-8.389529585838317871e-01
-8.235116600990295410e-01
-6.967983245849609375e-01
-8.394100069999694824e-01
-8.548403382301330566e-01
-8.573636412620544434e-01
-8.581604361534118652e-01
-8.467938899993896484e-01
-8.743786215782165527e-01
-8.544861674308776855e-01
-8.424973487854003906e-01
-8.633896708488464355e-01
-8.762867450714111328e-01
