1.994867897033691406e+01
7.579925060272216797e+00
5.014978408813476562e+00
4.272736549377441406e+00
3.391873121261596680e+00
2.898593187332153320e+00
2.597738504409790039e+00
2.380585670471191406e+00
2.213476657867431641e+00
1.914285302162170410e+00
1.731499671936035156e+00
1.733626484870910645e+00
1.575965642929077148e+00
1.482445836067199707e+00
1.469415307044982910e+00
1.383430004119873047e+00
1.282858014106750488e+00
1.263380408287048340e+00
1.223388910293579102e+00
1.117733836174011230e+00
1.062533497810363770e+00
1.022701263427734375e+00
1.001683235168457031e+00
9.402843117713928223e-01
8.683586716651916504e-01
8.421993851661682129e-01
7.719991803169250488e-01
7.116626501083374023e-01
7.182150483131408691e-01
6.150386333465576172e-01
6.053199172019958496e-01
5.512267947196960449e-01
5.125054121017456055e-01
4.560331702232360840e-01
4.071784019470214844e-01
3.671199083328247070e-01
3.195235133171081543e-01
2.585957348346710205e-01
2.282332032918930054e-01
2.028120309114456177e-01
1.662912964820861816e-01
1.626227796077728271e-01
1.343551427125930786e-01
9.454715251922607422e-02
7.729658484458923340e-02
4.796715453267097473e-02
3.240148350596427917e-02
1.907681673765182495e-02
-3.755535231903195381e-03
6.829313468188047409e-03
-2.958137774839997292e-03
-1.654657348990440369e-02
-3.516039252281188965e-02
-4.434410855174064636e-02
-6.070271506905555725e-02
-6.766050308942794800e-02
-8.602882921695709229e-02
-4.716248065233230591e-02
-1.020918861031532288e-01
-9.925508499145507812e-02
-1.146956384181976318e-01
-1.091482341289520264e-01
-1.194133311510086060e-01
-1.226089671254158020e-01
-1.322278380393981934e-01
-1.286899596452713013e-01
-1.526870429515838623e-01
-1.412360966205596924e-01
-1.530942022800445557e-01
-1.756306290626525879e-01
-1.465794742107391357e-01
-1.638578474521636963e-01
-1.755508184432983398e-01
-1.568914502859115601e-01
-1.835182458162307739e-01
-1.651758998632431030e-01
-1.947428733110427856e-01
-2.028056979179382324e-01
-2.114476114511489868e-01
-2.035980969667434692e-01
-2.093436270952224731e-01
-2.055971920490264893e-01
-1.853119581937789917e-01
-2.204694002866744995e-01
-2.264140993356704712e-01
-2.329777181148529053e-01
-2.283494919538497925e-01
-2.233014404773712158e-01
-2.352885603904724121e-01
-2.325835078954696655e-01
-2.437702268362045288e-01
-2.442827075719833374e-01
-2.445432692766189575e-01
-2.542012929916381836e-01
-2.384087294340133667e-01
-2.540801167488098145e-01
-2.759994864463806152e-01
-2.597172260284423828e-01
-2.780865132808685303e-01
-2.765103280544281006e-01
