2.254425621032714844e+01
9.667909622192382812e+00
6.713962078094482422e+00
5.327186584472656250e+00
4.824422836303710938e+00
4.287754058837890625e+00
3.529453992843627930e+00
3.374249458312988281e+00
3.065246582031250000e+00
2.951882362365722656e+00
2.627182245254516602e+00
2.500947475433349609e+00
2.395545721054077148e+00
2.221457719802856445e+00
2.168746948242187500e+00
2.063247442245483398e+00
2.003463506698608398e+00
1.953009486198425293e+00
1.894237637519836426e+00
1.843512415885925293e+00
1.812141895294189453e+00
1.758114337921142578e+00
1.709223628044128418e+00
1.680331587791442871e+00
1.656854391098022461e+00
1.602443218231201172e+00
1.568539142608642578e+00
1.542946696281433105e+00
1.508541822433471680e+00
1.491234898567199707e+00
1.455240964889526367e+00
1.431783080101013184e+00
1.409639596939086914e+00
1.379121422767639160e+00
1.370832681655883789e+00
1.346852898597717285e+00
1.319204568862915039e+00
1.294500827789306641e+00
1.302915453910827637e+00
1.263497233390808105e+00
1.242547631263732910e+00
1.218742489814758301e+00
1.222289204597473145e+00
1.203699469566345215e+00
1.192207217216491699e+00
1.192152023315429688e+00
1.160197973251342773e+00
1.170053601264953613e+00
1.156604290008544922e+00
1.132625937461853027e+00
1.136708736419677734e+00
1.129141092300415039e+00
1.100470662117004395e+00
1.113672375679016113e+00
1.088583588600158691e+00
1.080498695373535156e+00
1.061529755592346191e+00
1.063834428787231445e+00
1.053830623626708984e+00
1.050495982170104980e+00
1.024748802185058594e+00
1.032986760139465332e+00
1.034766674041748047e+00
1.008207917213439941e+00
9.931872487068176270e-01
9.963108897209167480e-01
9.904145598411560059e-01
9.774305820465087891e-01
9.794774651527404785e-01
9.597606062889099121e-01
9.550969004631042480e-01
9.508402347564697266e-01
9.456402659416198730e-01
9.324898123741149902e-01
9.354065060615539551e-01
9.210073351860046387e-01
9.220860600471496582e-01
8.888255357742309570e-01
9.027749300003051758e-01
8.944449424743652344e-01
8.870751857757568359e-01
8.690439462661743164e-01
8.627254366874694824e-01
8.644175529479980469e-01
8.676144480705261230e-01
8.632821440696716309e-01
8.529126644134521484e-01
8.278180956840515137e-01
8.218694925308227539e-01
8.363752365112304688e-01
8.258500695228576660e-01
8.274024724960327148e-01
8.057128190994262695e-01
8.015427589416503906e-01
7.891622781753540039e-01
8.023604750633239746e-01
7.739021182060241699e-01
7.747096419334411621e-01
7.726031541824340820e-01
7.543864846229553223e-01
