2.076811027526855469e+01
9.437118530273437500e+00
6.828586101531982422e+00
5.353501319885253906e+00
4.663824558258056641e+00
3.842301368713378906e+00
3.261071920394897461e+00
2.837095737457275391e+00
2.630423784255981445e+00
2.443507909774780273e+00
2.325914621353149414e+00
2.272696733474731445e+00
2.215398073196411133e+00
2.196399450302124023e+00
2.005022525787353516e+00
1.955968141555786133e+00
1.832196712493896484e+00
1.807258009910583496e+00
1.701374173164367676e+00
1.616842269897460938e+00
1.549454331398010254e+00
1.508727312088012695e+00
1.412505269050598145e+00
1.356248974800109863e+00
1.300359845161437988e+00
1.236736297607421875e+00
1.192385315895080566e+00
1.126114249229431152e+00
1.094866752624511719e+00
1.034546852111816406e+00
1.004812836647033691e+00
9.609408378601074219e-01
9.271758794784545898e-01
8.929038047790527344e-01
8.572785258293151855e-01
8.079022765159606934e-01
7.512817382812500000e-01
7.221662998199462891e-01
6.850461363792419434e-01
6.576554179191589355e-01
6.382403969764709473e-01
5.833764672279357910e-01
5.781453847885131836e-01
5.276951193809509277e-01
5.363134741783142090e-01
4.938107132911682129e-01
4.729134738445281982e-01
4.579320847988128662e-01
4.045649170875549316e-01
4.102740585803985596e-01
3.910427987575531006e-01
3.692506551742553711e-01
3.615416884422302246e-01
3.246620297431945801e-01
3.093158900737762451e-01
3.094296455383300781e-01
2.659807205200195312e-01
2.567083537578582764e-01
2.531561851501464844e-01
2.353180646896362305e-01
2.296171486377716064e-01
2.147215455770492554e-01
2.056965976953506470e-01
1.788114905357360840e-01
1.834141314029693604e-01
1.598904579877853394e-01
1.440573930740356445e-01
1.478201150894165039e-01
1.114696189761161804e-01
9.774023294448852539e-02
1.485000699758529663e-01
1.054566502571105957e-01
1.160636097192764282e-01
1.238368600606918335e-01
8.268824964761734009e-02
6.312678754329681396e-02
7.780053466558456421e-02
4.593958705663681030e-02
3.973773121833801270e-02
6.567285954952239990e-02
3.126046061515808105e-02
3.476014360785484314e-02
3.326860442757606506e-02
2.720486605539917946e-03
3.182069212198257446e-02
-2.090996503829956055e-02
-1.982003077864646912e-02
-3.507431969046592712e-02
-3.034027293324470520e-02
5.068849772214889526e-02
5.589426495134830475e-03
-2.271031215786933899e-02
-6.026203557848930359e-02
-4.796579852700233459e-02
-5.105528607964515686e-02
2.270458964630961418e-03
2.304005064070224762e-02
-9.238008409738540649e-03
-3.974604979157447815e-02
-6.860637664794921875e-02
