1.919003009796142578e+00
1.411110401153564453e+00
1.244487047195434570e+00
1.052331924438476562e+00
8.969972729682922363e-01
8.582791686058044434e-01
7.975673079490661621e-01
7.311326265335083008e-01
6.751853227615356445e-01
6.234478354454040527e-01
6.034945845603942871e-01
5.449517369270324707e-01
5.108323097229003906e-01
4.642364084720611572e-01
4.314891993999481201e-01
3.892606496810913086e-01
3.474387824535369873e-01
3.092133998870849609e-01
2.733877897262573242e-01
2.267689108848571777e-01
1.836693286895751953e-01
1.205022111535072327e-01
6.155370920896530151e-02
-2.536376379430294037e-02
-1.127124354243278503e-01
-1.958481073379516602e-01
-2.877479493618011475e-01
-3.341471850872039795e-01
-4.056892693042755127e-01
-4.729924798011779785e-01
-5.287368297576904297e-01
-5.834444761276245117e-01
-6.189160346984863281e-01
-6.379224061965942383e-01
-7.587275505065917969e-01
-8.964273929595947266e-01
-1.067023634910583496e+00
-1.176294922828674316e+00
-1.258042454719543457e+00
-1.391106247901916504e+00
-1.409541010856628418e+00
-1.521272897720336914e+00
-1.577302336692810059e+00
-1.590266823768615723e+00
-1.685519099235534668e+00
-1.715669751167297363e+00
-1.777400374412536621e+00
-1.825245141983032227e+00
-1.842256307601928711e+00
-1.901800751686096191e+00
-1.913958787918090820e+00
-1.944662332534790039e+00
-1.965424656867980957e+00
-1.975947260856628418e+00
-2.050939798355102539e+00
-2.062461853027343750e+00
-2.070559740066528320e+00
-2.140354394912719727e+00
-2.138477563858032227e+00
-2.160926103591918945e+00
-2.185183525085449219e+00
-2.193006515502929688e+00
-2.208832263946533203e+00
-2.236709594726562500e+00
-2.211769342422485352e+00
-2.260303974151611328e+00
-2.263360023498535156e+00
-2.272467136383056641e+00
-2.274817228317260742e+00
-2.291330814361572266e+00
-2.302058219909667969e+00
-2.334559679031372070e+00
-2.345266819000244141e+00
-2.350888729095458984e+00
-2.415113210678100586e+00
-2.341010093688964844e+00
-2.375967025756835938e+00
-2.376353502273559570e+00
-2.401247501373291016e+00
-2.375834703445434570e+00
-2.395034074783325195e+00
-2.415940761566162109e+00
-2.462615013122558594e+00
-2.436267137527465820e+00
-2.450494766235351562e+00
-2.504151582717895508e+00
-2.460721015930175781e+00
-2.476156711578369141e+00
-2.487383842468261719e+00
-2.482484579086303711e+00
-2.518002510070800781e+00
-2.509962320327758789e+00
-2.512165784835815430e+00
-2.548988342285156250e+00
-2.473827838897705078e+00
-2.561269521713256836e+00
-2.565181255340576172e+00
-2.531383991241455078e+00
-2.551436901092529297e+00
-2.553583383560180664e+00
-2.572681665420532227e+00
-2.575656890869140625e+00
-2.609652042388916016e+00
-2.611711502075195312e+00
-2.593590497970581055e+00
-2.473383188247680664e+00
-2.605452775955200195e+00
-2.591193675994873047e+00
-2.626883268356323242e+00
-2.605807542800903320e+00
-2.636376857757568359e+00
-2.612844705581665039e+00
-2.621378898620605469e+00
-2.659565687179565430e+00
-2.601311922073364258e+00
-2.651360750198364258e+00
-2.692507743835449219e+00
-2.688096761703491211e+00
-2.665959358215332031e+00
-2.691842079162597656e+00
-2.663390398025512695e+00
-2.700644016265869141e+00
-2.686775445938110352e+00
-2.680719614028930664e+00
-2.692438125610351562e+00
-2.712540626525878906e+00
-2.718009233474731445e+00
-2.689988851547241211e+00
-2.746906042098999023e+00
-2.697352886199951172e+00
-2.730170488357543945e+00
-2.667501211166381836e+00
-2.718664407730102539e+00
-2.744993686676025391e+00
-2.724302530288696289e+00
-2.738502979278564453e+00
-2.768333673477172852e+00
-2.727901458740234375e+00
-2.744759559631347656e+00
-2.723739147186279297e+00
-2.773929357528686523e+00
-2.763871908187866211e+00
-2.738850355148315430e+00
-2.771281003952026367e+00
-2.751562595367431641e+00
-2.726510047912597656e+00
-2.799924373626708984e+00
-2.729714393615722656e+00
-2.776334047317504883e+00
-2.771739482879638672e+00
-2.778770923614501953e+00
-2.775663852691650391e+00
-2.792188644409179688e+00
-2.814014196395874023e+00
-2.796784639358520508e+00
-2.807716131210327148e+00
-2.812468528747558594e+00
-2.806212902069091797e+00
-2.809775114059448242e+00
-2.812904596328735352e+00
-2.828981637954711914e+00
-2.815606594085693359e+00
-2.842766523361206055e+00
-2.837160348892211914e+00
-2.838921308517456055e+00
-2.839939832687377930e+00
-2.821255207061767578e+00
-2.868528842926025391e+00
-2.790723562240600586e+00
-2.855708599090576172e+00
