1.868025588989257812e+01
9.570293426513671875e+00
7.115125179290771484e+00
5.581809043884277344e+00
5.015135765075683594e+00
4.021671772003173828e+00
3.656044006347656250e+00
3.450596809387207031e+00
3.229831457138061523e+00
2.973047971725463867e+00
2.757813930511474609e+00
2.900946140289306641e+00
2.677075862884521484e+00
2.651393413543701172e+00
2.525708675384521484e+00
2.475434780120849609e+00
2.402932643890380859e+00
2.319783210754394531e+00
2.202148199081420898e+00
2.206090927124023438e+00
2.004076004028320312e+00
1.869976997375488281e+00
1.752581000328063965e+00
1.617750883102416992e+00
2.072329759597778320e+00
1.759752035140991211e+00
1.627413511276245117e+00
1.481967926025390625e+00
1.573972105979919434e+00
1.787031412124633789e+00
2.402881622314453125e+00
2.358077764511108398e+00
2.309432983398437500e+00
2.250716447830200195e+00
2.185433387756347656e+00
2.309695959091186523e+00
2.137813568115234375e+00
2.336624860763549805e+00
2.178978681564331055e+00
2.039090394973754883e+00
1.922372579574584961e+00
1.743142247200012207e+00
1.618184447288513184e+00
1.424679398536682129e+00
1.346224069595336914e+00
1.250230431556701660e+00
1.184500098228454590e+00
1.069259405136108398e+00
1.008358716964721680e+00
9.634881615638732910e-01
8.906710147857666016e-01
8.514060378074645996e-01
8.230585455894470215e-01
9.544371962547302246e-01
8.203026056289672852e-01
1.047997593879699707e+00
1.003746747970581055e+00
6.522444486618041992e-01
5.942332744598388672e-01
5.586472153663635254e-01
4.418910443782806396e-01
4.000926315784454346e-01
3.665647804737091064e-01
5.274235606193542480e-01
3.967252969741821289e-01
3.514360487461090088e-01
1.666324496269226074e+00
9.538159370422363281e-01
7.088274359703063965e-01
4.003500044345855713e-01
3.200075924396514893e-01
5.713199377059936523e-01
5.649493932723999023e-01
1.080800056457519531e+00
1.130408525466918945e+00
9.858838319778442383e-01
3.327503800392150879e-01
4.608843028545379639e-01
3.223055005073547363e-01
1.877549737691879272e-01
5.576272010803222656e-01
1.106590628623962402e+00
7.105712890625000000e-01
1.233373999595642090e+00
8.330815434455871582e-01
4.854676723480224609e-01
2.731089591979980469e-01
1.583551287651062012e+00
8.586559295654296875e-01
6.294024586677551270e-01
5.415557026863098145e-01
2.262580543756484985e-01
2.293165773153305054e-01
2.560335695743560791e-01
-1.965369284152984619e-02
-2.905468344688415527e-01
5.612388849258422852e-01
1.271325230598449707e+00
6.710485219955444336e-01
2.210638821125030518e-01
-2.681561745703220367e-02
-1.005454547703266144e-02
-3.809565305709838867e-01
-3.562252819538116455e-01
4.458461999893188477e-01
-2.106653004884719849e-01
-1.414710134267807007e-01
2.270320177078247070e+00
9.793332815170288086e-01
2.751389265060424805e+00
2.537663698196411133e+00
2.508739709854125977e+00
2.491623878479003906e+00
2.479093551635742188e+00
2.459624767303466797e+00
2.413248062133789062e+00
2.279416322708129883e+00
2.002850770950317383e+00
1.652712106704711914e+00
1.542165756225585938e+00
1.479086637496948242e+00
2.163283586502075195e+00
1.496577262878417969e+00
9.958124756813049316e-01
1.205085515975952148e+00
7.497824430465698242e-01
4.508356153964996338e-01
1.291798114776611328e+00
6.741845607757568359e-01
1.718976736068725586e+00
2.391265630722045898e+00
2.162004947662353516e+00
1.911098122596740723e+00
1.597118735313415527e+00
1.357393860816955566e+00
1.141631960868835449e+00
8.846554160118103027e-01
9.274742603302001953e-01
1.016422271728515625e+00
2.831622123718261719e+00
2.517759561538696289e+00
2.463026762008666992e+00
2.406518459320068359e+00
2.322456121444702148e+00
2.206448316574096680e+00
2.009180307388305664e+00
1.657371282577514648e+00
1.318024039268493652e+00
9.205684065818786621e-01
6.453718543052673340e-01
8.787182569503784180e-01
4.453137516975402832e-01
8.095611333847045898e-01
2.477988481521606445e+00
2.193423032760620117e+00
1.696276426315307617e+00
1.183766365051269531e+00
8.873253464698791504e-01
7.431771159172058105e-01
1.231801033020019531e+00
7.236143350601196289e-01
2.621302902698516846e-01
1.193987250328063965e+00
2.597742080688476562e+00
2.513612270355224609e+00
2.357492685317993164e+00
2.243982315063476562e+00
2.297484159469604492e+00
2.437567234039306641e+00
2.366437196731567383e+00
2.364931344985961914e+00
2.314237833023071289e+00
2.328206777572631836e+00
2.285382747650146484e+00
2.466711997985839844e+00
2.440466880798339844e+00
2.380087852478027344e+00
2.339604377746582031e+00
2.429834365844726562e+00
2.435599565505981445e+00
2.431150913238525391e+00
2.414208173751831055e+00
2.396470308303833008e+00
2.382216691970825195e+00
2.392459154129028320e+00
2.394533395767211914e+00
2.375578165054321289e+00
2.377766370773315430e+00
2.358204603195190430e+00
2.354511260986328125e+00
2.373994112014770508e+00
2.381298780441284180e+00
2.376948118209838867e+00
2.434052467346191406e+00
2.424655199050903320e+00
2.402138948440551758e+00
2.386737823486328125e+00
2.376951217651367188e+00
2.354388475418090820e+00
2.322112798690795898e+00
2.231790542602539062e+00
2.023248434066772461e+00
1.800192952156066895e+00
1.533793926239013672e+00
1.387199997901916504e+00
1.211880564689636230e+00
1.270568251609802246e+00
1.098588228225708008e+00
1.140860676765441895e+00
8.644295334815979004e-01
7.995514273643493652e-01
7.230107188224792480e-01
6.837255954742431641e-01
7.323220372200012207e-01
5.217453837394714355e-01
4.410889446735382080e-01
3.858136832714080811e-01
3.816587328910827637e-01
3.415864706039428711e-01
2.677642703056335449e-01
1.973997801542282104e-01
2.540291547775268555e-01
1.420495808124542236e-01
6.906626373529434204e-02
3.375111520290374756e-02
7.205689698457717896e-02
-3.735743090510368347e-02
-5.836931243538856506e-02
-8.858287334442138672e-02
-1.305102407932281494e-01
-1.707103401422500610e-01
-1.564605087041854858e-01
-2.494330853223800659e-01
-2.316851317882537842e-01
-2.415800988674163818e-01
-3.732628822326660156e-01
-3.821876645088195801e-01
-4.497869610786437988e-01
-4.532395005226135254e-01
-4.181176722049713135e-01
-4.796666204929351807e-01
-4.275746047496795654e-01
-4.957068264484405518e-01
-5.410584807395935059e-01
-5.780309438705444336e-01
-5.924538373947143555e-01
-6.050927639007568359e-01
-6.549675464630126953e-01
-7.705349326133728027e-01
-8.030861020088195801e-01
