2.394051361083984375e+01
7.187263011932373047e+00
5.383541107177734375e+00
3.820231676101684570e+00
3.405174970626831055e+00
3.044653415679931641e+00
2.642661571502685547e+00
2.319634437561035156e+00
2.074304819107055664e+00
2.040764808654785156e+00
1.928439974784851074e+00
1.723333597183227539e+00
1.754826426506042480e+00
1.636299133300781250e+00
1.514730691909790039e+00
1.472591757774353027e+00
1.377037525177001953e+00
1.340825319290161133e+00
1.321709036827087402e+00
1.223744988441467285e+00
1.213324069976806641e+00
1.114068984985351562e+00
1.077727198600769043e+00
1.001689434051513672e+00
9.493133425712585449e-01
9.012302160263061523e-01
8.374873995780944824e-01
7.680183649063110352e-01
7.000889778137207031e-01
6.470402479171752930e-01
6.337553858757019043e-01
5.258230566978454590e-01
4.524223208427429199e-01
4.343646764755249023e-01
