2.382879638671875000e+01
1.038542556762695312e+01
7.229665279388427734e+00
6.270720005035400391e+00
4.754686355590820312e+00
4.121968746185302734e+00
3.890930891036987305e+00
3.499163389205932617e+00
3.061470746994018555e+00
2.958476781845092773e+00
2.778242111206054688e+00
2.551778793334960938e+00
2.451609373092651367e+00
2.403970956802368164e+00
2.298945903778076172e+00
2.230833053588867188e+00
2.162263870239257812e+00
2.076058387756347656e+00
1.980933070182800293e+00
1.913046121597290039e+00
1.886615633964538574e+00
1.807328939437866211e+00
1.777333974838256836e+00
1.729094028472900391e+00
1.695650935173034668e+00
1.627816796302795410e+00
1.591086387634277344e+00
1.555613160133361816e+00
1.522994875907897949e+00
1.491169810295104980e+00
1.454472541809082031e+00
1.421473026275634766e+00
1.392394065856933594e+00
1.346334099769592285e+00
1.335681915283203125e+00
1.296948194503784180e+00
1.299564361572265625e+00
1.298163652420043945e+00
1.232666254043579102e+00
1.198259234428405762e+00
1.167167425155639648e+00
1.155624508857727051e+00
1.132884263992309570e+00
1.109626531600952148e+00
1.103832006454467773e+00
1.083730220794677734e+00
1.047595858573913574e+00
1.045338630676269531e+00
1.032996654510498047e+00
1.014532327651977539e+00
9.967433214187622070e-01
9.987837076187133789e-01
9.572455883026123047e-01
9.500325322151184082e-01
9.297500848770141602e-01
9.607917070388793945e-01
9.177933335304260254e-01
8.898895382881164551e-01
8.756827116012573242e-01
8.520454168319702148e-01
8.519585728645324707e-01
8.317537903785705566e-01
8.160844445228576660e-01
7.989737987518310547e-01
8.001369237899780273e-01
7.805440425872802734e-01
7.633397579193115234e-01
7.570097446441650391e-01
7.747809290885925293e-01
7.312220335006713867e-01
7.182640433311462402e-01
7.947692275047302246e-01
7.110427618026733398e-01
7.083535194396972656e-01
6.758024096488952637e-01
6.728635430335998535e-01
6.982123255729675293e-01
6.660844683647155762e-01
6.371122598648071289e-01
6.459457874298095703e-01
6.160353422164916992e-01
6.411067843437194824e-01
6.139897704124450684e-01
5.932785272598266602e-01
5.859759449958801270e-01
5.977243185043334961e-01
5.732553005218505859e-01
5.734510421752929688e-01
5.609872341156005859e-01
5.390562415122985840e-01
5.105490684509277344e-01
5.054828524589538574e-01
5.307040214538574219e-01
5.153010487556457520e-01
4.979407191276550293e-01
4.925586283206939697e-01
4.778086543083190918e-01
4.863306581974029541e-01
4.698234796524047852e-01
4.741262495517730713e-01
