1.891140747070312500e+02
1.888528900146484375e+02
1.809611816406250000e+02
1.755862731933593750e+02
1.767452087402343750e+02
1.711290283203125000e+02
1.671759033203125000e+02
1.588039245605468750e+02
1.607218017578125000e+02
1.532586822509765625e+02
1.554113769531250000e+02
1.514856109619140625e+02
1.438575744628906250e+02
1.460496215820312500e+02
1.426647796630859375e+02
1.387052612304687500e+02
1.381579132080078125e+02
1.338535766601562500e+02
1.309864807128906250e+02
1.278721008300781250e+02
1.267596893310546875e+02
1.225347518920898438e+02
1.216618728637695312e+02
1.157283477783203125e+02
1.155703659057617188e+02
1.115797882080078125e+02
1.113937606811523438e+02
1.124628677368164062e+02
1.065123596191406250e+02
1.026114501953125000e+02
1.044335250854492188e+02
1.018313217163085938e+02
1.018286819458007812e+02
9.703617858886718750e+01
9.645048522949218750e+01
9.243193054199218750e+01
9.039588928222656250e+01
9.023373413085937500e+01
8.952289581298828125e+01
8.803800201416015625e+01
8.471555328369140625e+01
8.393997192382812500e+01
8.124140167236328125e+01
8.140711975097656250e+01
7.781961822509765625e+01
7.887117004394531250e+01
7.676404571533203125e+01
7.397469329833984375e+01
7.486450958251953125e+01
7.030736541748046875e+01
7.131475830078125000e+01
6.928044891357421875e+01
6.684844970703125000e+01
6.497940826416015625e+01
6.644395446777343750e+01
6.385400772094726562e+01
6.378075027465820312e+01
6.202840042114257812e+01
6.121474456787109375e+01
6.067103576660156250e+01
5.695646286010742188e+01
5.756798171997070312e+01
5.765324020385742188e+01
5.492417907714843750e+01
5.358530426025390625e+01
5.337715530395507812e+01
5.173478698730468750e+01
5.153073120117187500e+01
5.203673553466796875e+01
5.000754928588867188e+01
4.941337585449218750e+01
4.886840438842773438e+01
4.782437896728515625e+01
4.569941329956054688e+01
4.628120040893554688e+01
4.468561172485351562e+01
4.411350631713867188e+01
4.358162689208984375e+01
4.203494262695312500e+01
4.168191146850585938e+01
4.043506240844726562e+01
4.072567749023437500e+01
4.025315093994140625e+01
3.923958969116210938e+01
3.880761718750000000e+01
3.783148956298828125e+01
3.771751785278320312e+01
3.600241851806640625e+01
3.625064468383789062e+01
3.481072235107421875e+01
3.485563278198242188e+01
3.433499145507812500e+01
3.361432647705078125e+01
3.291377258300781250e+01
3.148543930053710938e+01
3.193214035034179688e+01
3.109111213684082031e+01
3.028113746643066406e+01
2.993701553344726562e+01
2.882375144958496094e+01
