1.873037567138671875e+02
1.817483520507812500e+02
1.786170654296875000e+02
1.860492858886718750e+02
1.726777191162109375e+02
1.763005676269531250e+02
1.634124450683593750e+02
1.698171539306640625e+02
1.631605834960937500e+02
1.614838714599609375e+02
1.591360778808593750e+02
1.513242492675781250e+02
1.471033782958984375e+02
1.431332550048828125e+02
1.426506958007812500e+02
1.428094635009765625e+02
1.391615600585937500e+02
1.365824890136718750e+02
1.305248260498046875e+02
1.272141265869140625e+02
1.259558868408203125e+02
1.229047698974609375e+02
1.224567108154296875e+02
1.166726074218750000e+02
1.177393951416015625e+02
1.171335067749023438e+02
1.137788009643554688e+02
1.071389846801757812e+02
1.051846847534179688e+02
1.075056228637695312e+02
1.042656097412109375e+02
1.041723632812500000e+02
1.019601821899414062e+02
9.617817687988281250e+01
9.607878875732421875e+01
9.879704284667968750e+01
9.380456542968750000e+01
9.111772918701171875e+01
8.892254638671875000e+01
8.791312408447265625e+01
8.460958099365234375e+01
8.387651062011718750e+01
8.317413330078125000e+01
8.009333038330078125e+01
7.811351776123046875e+01
7.621658325195312500e+01
7.667536926269531250e+01
7.418744659423828125e+01
7.593548583984375000e+01
7.211621093750000000e+01
6.893321228027343750e+01
7.003516387939453125e+01
6.842495727539062500e+01
6.712865447998046875e+01
6.463965606689453125e+01
6.318101882934570312e+01
6.401377868652343750e+01
6.097805404663085938e+01
6.281473541259765625e+01
6.028785324096679688e+01
5.923876190185546875e+01
5.691931533813476562e+01
5.562215805053710938e+01
5.648303985595703125e+01
5.426282501220703125e+01
5.339951705932617188e+01
5.263614654541015625e+01
5.168905258178710938e+01
5.034990310668945312e+01
5.100198745727539062e+01
4.816553115844726562e+01
4.867663574218750000e+01
4.829719543457031250e+01
4.665079879760742188e+01
4.608318710327148438e+01
4.602179336547851562e+01
4.489369964599609375e+01
4.334664916992187500e+01
4.275822830200195312e+01
4.248065948486328125e+01
4.096348190307617188e+01
3.998097229003906250e+01
4.028802490234375000e+01
3.937195587158203125e+01
3.880986022949218750e+01
3.782603454589843750e+01
3.665826797485351562e+01
3.685534667968750000e+01
3.671577835083007812e+01
3.603266143798828125e+01
3.513264465332031250e+01
3.403728485107421875e+01
3.365395736694335938e+01
3.312254714965820312e+01
3.186166954040527344e+01
3.186413574218750000e+01
3.173909378051757812e+01
3.083102989196777344e+01
3.002810096740722656e+01
3.077666282653808594e+01
