1.915581665039062500e+02
1.919405059814453125e+02
1.799887542724609375e+02
1.810366973876953125e+02
1.792531738281250000e+02
1.720297088623046875e+02
1.687490386962890625e+02
1.613449707031250000e+02
1.643341674804687500e+02
1.577638702392578125e+02
1.542610015869140625e+02
1.499415588378906250e+02
1.461824798583984375e+02
1.428475494384765625e+02
1.422410736083984375e+02
1.409664001464843750e+02
1.338743896484375000e+02
1.330447540283203125e+02
1.302887115478515625e+02
1.287521514892578125e+02
1.270096893310546875e+02
1.243279342651367188e+02
1.210569305419921875e+02
1.158414535522460938e+02
1.136650009155273438e+02
1.138013916015625000e+02
1.098410720825195312e+02
1.091354827880859375e+02
1.093512496948242188e+02
1.034738998413085938e+02
1.033813476562500000e+02
1.011262435913085938e+02
1.034220199584960938e+02
9.932099914550781250e+01
9.412026214599609375e+01
9.276913452148437500e+01
9.125397491455078125e+01
9.161846160888671875e+01
8.839244079589843750e+01
8.605956268310546875e+01
8.514256286621093750e+01
8.324806213378906250e+01
8.351802825927734375e+01
8.111871337890625000e+01
7.970237731933593750e+01
7.668478393554687500e+01
7.589889526367187500e+01
7.543200683593750000e+01
7.316985321044921875e+01
7.333975982666015625e+01
7.027664184570312500e+01
7.129013824462890625e+01
6.997802734375000000e+01
6.698478698730468750e+01
6.563153839111328125e+01
6.575009155273437500e+01
6.342737197875976562e+01
6.054378509521484375e+01
6.242855834960937500e+01
5.862554931640625000e+01
5.845456314086914062e+01
5.765998840332031250e+01
5.606685256958007812e+01
5.652994155883789062e+01
5.437292098999023438e+01
5.338895797729492188e+01
5.328615951538085938e+01
5.275300979614257812e+01
5.195438766479492188e+01
4.922132492065429688e+01
4.920791244506835938e+01
4.879244995117187500e+01
4.734922409057617188e+01
4.701751708984375000e+01
4.611104583740234375e+01
4.449989318847656250e+01
4.345245361328125000e+01
4.322671508789062500e+01
4.206543350219726562e+01
4.183056259155273438e+01
4.000109481811523438e+01
3.993463897705078125e+01
4.066362380981445312e+01
3.863589096069335938e+01
3.973699951171875000e+01
3.720638656616210938e+01
3.780120086669921875e+01
3.619587326049804688e+01
3.651756286621093750e+01
3.503746032714843750e+01
3.476602172851562500e+01
3.360836029052734375e+01
3.319917678833007812e+01
3.315185546875000000e+01
3.251584625244140625e+01
3.177807235717773438e+01
3.064209365844726562e+01
3.123495674133300781e+01
3.131863975524902344e+01
2.957241821289062500e+01
