2.231829643249511719e+00
1.564285993576049805e+00
1.346004366874694824e+00
1.119580745697021484e+00
9.633015990257263184e-01
8.917966485023498535e-01
8.311434388160705566e-01
7.597799301147460938e-01
7.348133921623229980e-01
6.941195726394653320e-01
6.397598981857299805e-01
5.963907241821289062e-01
5.588091015815734863e-01
5.192188024520874023e-01
4.709044396877288818e-01
4.358403086662292480e-01
3.953103125095367432e-01
3.561526238918304443e-01
3.251106739044189453e-01
2.789617180824279785e-01
2.372823953628540039e-01
1.853172034025192261e-01
1.314070820808410645e-01
5.448181182146072388e-02
-3.641379252076148987e-02
-1.247524172067642212e-01
-2.065227031707763672e-01
-2.797183394432067871e-01
-3.310412466526031494e-01
-3.763335645198822021e-01
-4.010527729988098145e-01
-4.199347198009490967e-01
-4.425007998943328857e-01
-4.486126303672790527e-01
-4.579097926616668701e-01
1.125548109412193298e-01
-4.680599570274353027e-01
-4.763902425765991211e-01
-4.811417162418365479e-01
-4.793948829174041748e-01
-4.851326048374176025e-01
-4.855623841285705566e-01
-4.873893260955810547e-01
-4.889485239982604980e-01
-4.938291609287261963e-01
-4.917511940002441406e-01
-4.912785887718200684e-01
-4.924302399158477783e-01
-4.964877963066101074e-01
-4.956220090389251709e-01
-4.976902902126312256e-01
-5.004763007164001465e-01
-5.018509030342102051e-01
-5.079604983329772949e-01
-5.056379437446594238e-01
-5.131710171699523926e-01
-5.112407803535461426e-01
-5.095134377479553223e-01
-5.147021412849426270e-01
-5.120103955268859863e-01
-5.165114998817443848e-01
-5.219447612762451172e-01
-5.210025310516357422e-01
-5.244917869567871094e-01
-5.208907127380371094e-01
-5.260146260261535645e-01
-5.329969525337219238e-01
-5.335815548896789551e-01
-5.384038686752319336e-01
-5.282558798789978027e-01
-5.443411469459533691e-01
-5.396249890327453613e-01
-5.477625727653503418e-01
-5.501072406768798828e-01
-5.561500191688537598e-01
-5.611977577209472656e-01
-5.576649904251098633e-01
-5.630205273628234863e-01
-5.734278559684753418e-01
-5.750303268432617188e-01
-5.786234736442565918e-01
-5.836072564125061035e-01
-5.877308249473571777e-01
-5.906842350959777832e-01
-5.982844829559326172e-01
-6.009353995323181152e-01
-6.044691205024719238e-01
-6.125402450561523438e-01
-6.135711669921875000e-01
-6.173709034919738770e-01
-6.315684914588928223e-01
-6.332081556320190430e-01
-6.393429040908813477e-01
-6.470508575439453125e-01
-6.566256284713745117e-01
-6.646789908409118652e-01
-6.702740788459777832e-01
-6.773554086685180664e-01
-6.803300380706787109e-01
-6.898377537727355957e-01
-7.005933523178100586e-01
-7.064447402954101562e-01
-7.125295996665954590e-01
-7.243320941925048828e-01
-7.179037332534790039e-01
-7.387642264366149902e-01
-7.187544107437133789e-01
-7.387806177139282227e-01
-7.489441037178039551e-01
-7.656741142272949219e-01
-7.647889852523803711e-01
-7.344605922698974609e-01
-7.834460139274597168e-01
-7.851969003677368164e-01
-7.850666046142578125e-01
-7.980720400810241699e-01
-7.894926071166992188e-01
-8.015737533569335938e-01
-8.060678243637084961e-01
-8.206317424774169922e-01
-8.243629932403564453e-01
-8.353128433227539062e-01
-8.360885977745056152e-01
-8.458342552185058594e-01
-8.474683761596679688e-01
-8.570149540901184082e-01
-8.706770539283752441e-01
-8.715156316757202148e-01
-8.595123887062072754e-01
-8.569754958152770996e-01
-8.837279677391052246e-01
-9.038504362106323242e-01
-8.994982838630676270e-01
-9.116005301475524902e-01
-9.242215156555175781e-01
-9.246493577957153320e-01
-9.267201423645019531e-01
-9.450773596763610840e-01
-9.145331978797912598e-01
-9.444201588630676270e-01
-9.721291065216064453e-01
-9.488967061042785645e-01
-9.412489533424377441e-01
-9.467396736145019531e-01
-9.545943737030029297e-01
-9.752310514450073242e-01
-9.189795851707458496e-01
-1.011314392089843750e+00
-8.941954970359802246e-01
-6.980038285255432129e-01
-8.005566596984863281e-01
-8.529287576675415039e-01
-8.920975923538208008e-01
-9.302983880043029785e-01
-9.604922533035278320e-01
-9.762978553771972656e-01
-9.881559610366821289e-01
-9.949295520782470703e-01
-1.019894242286682129e+00
-1.026014089584350586e+00
-1.024011731147766113e+00
-1.034340023994445801e+00
-1.004753351211547852e+00
-1.041844248771667480e+00
-1.011406421661376953e+00
-1.048618197441101074e+00
-1.072148799896240234e+00
-1.041522145271301270e+00
-9.554162025451660156e-01
-1.056819558143615723e+00
-1.086622238159179688e+00
-1.068526268005371094e+00
-1.091765403747558594e+00
-1.099443793296813965e+00
-1.096164107322692871e+00
-1.025001764297485352e+00
-1.005934834480285645e+00
-1.063605785369873047e+00
-1.101205587387084961e+00
-1.135911107063293457e+00
-1.126496434211730957e+00
-1.145312905311584473e+00
-1.100458741188049316e+00
-1.152907490730285645e+00
-1.140927553176879883e+00
-1.181743860244750977e+00
-1.183548808097839355e+00
-1.177080631256103516e+00
-1.189966082572937012e+00
-1.140406370162963867e+00
-1.192539095878601074e+00
-1.188110470771789551e+00
-1.186558961868286133e+00
-1.205598592758178711e+00
-1.222654581069946289e+00
-1.208193302154541016e+00
-1.063259959220886230e+00
-1.201393365859985352e+00
-1.202426433563232422e+00
-1.131462335586547852e+00
-1.240993976593017578e+00
-1.183752059936523438e+00
-1.193985104560852051e+00
-1.213235735893249512e+00
-1.242426991462707520e+00
-1.294127702713012695e+00
-1.254035472869873047e+00
-1.291506528854370117e+00
-1.167588949203491211e+00
-1.265691876411437988e+00
-1.220128297805786133e+00
-1.249854803085327148e+00
-1.227731108665466309e+00
-1.300758600234985352e+00
-1.250103831291198730e+00
-1.268766999244689941e+00
-1.324059009552001953e+00
-1.320334792137145996e+00
-1.321956515312194824e+00
-1.340239763259887695e+00
-1.272640466690063477e+00
-1.326552987098693848e+00
-1.302516341209411621e+00
-1.341600537300109863e+00
-1.095724582672119141e+00
-1.281985521316528320e+00
-1.338846802711486816e+00
-1.358096718788146973e+00
-1.369576692581176758e+00
-1.340688109397888184e+00
-1.293444991111755371e+00
-1.375711798667907715e+00
-1.326738119125366211e+00
-1.324988722801208496e+00
-1.357338428497314453e+00
-1.287456393241882324e+00
-1.409214019775390625e+00
-1.412980079650878906e+00
-9.836063981056213379e-01
-1.033007860183715820e+00
-1.167402505874633789e+00
-1.189554214477539062e+00
-1.167410731315612793e+00
-1.310528516769409180e+00
-1.332790493965148926e+00
-1.267197728157043457e+00
-1.309698224067687988e+00
-1.252439022064208984e+00
-1.347406029701232910e+00
-1.304793953895568848e+00
