2.236307859420776367e+00
1.583227992057800293e+00
1.281060814857482910e+00
1.086914777755737305e+00
9.712125658988952637e-01
8.866397142410278320e-01
8.399760723114013672e-01
7.603802084922790527e-01
7.287338376045227051e-01
6.728461980819702148e-01
6.263784170150756836e-01
5.803599953651428223e-01
5.460884571075439453e-01
5.045973658561706543e-01
4.645532369613647461e-01
4.157326221466064453e-01
3.854772746562957764e-01
3.422515392303466797e-01
3.074797093868255615e-01
2.641872763633728027e-01
2.262780815362930298e-01
1.922237575054168701e-01
1.445593386888504028e-01
9.320892393589019775e-02
3.286411240696907043e-02
-2.280300855636596680e-02
-1.107810214161872864e-01
-1.754215210676193237e-01
-2.512671351432800293e-01
-3.373204469680786133e-01
-3.975583612918853760e-01
-4.688242077827453613e-01
-5.418140292167663574e-01
-6.059159040451049805e-01
-6.686357259750366211e-01
-7.195154428482055664e-01
-7.628983259201049805e-01
-7.915999293327331543e-01
-8.193542361259460449e-01
-8.416230678558349609e-01
-8.681394457817077637e-01
-8.836052417755126953e-01
-8.856962323188781738e-01
-8.990969657897949219e-01
-9.180516600608825684e-01
-9.450246095657348633e-01
-8.960324525833129883e-01
-9.394342899322509766e-01
-8.785849809646606445e-01
-9.214531779289245605e-01
-9.574375748634338379e-01
-9.884933829307556152e-01
-1.009370446205139160e+00
-1.023310422897338867e+00
-1.016854405403137207e+00
-9.919686913490295410e-01
-1.041157007217407227e+00
-1.038426876068115234e+00
-9.648845791816711426e-01
-1.050586938858032227e+00
-1.010308742523193359e+00
-1.064399957656860352e+00
-1.087202310562133789e+00
-1.089955687522888184e+00
-1.064483523368835449e+00
-1.030641555786132812e+00
-1.094595909118652344e+00
-1.116602063179016113e+00
-1.026097059249877930e+00
-1.055985808372497559e+00
-1.052616357803344727e+00
-1.112772822380065918e+00
-1.149740695953369141e+00
-1.135239481925964355e+00
-1.173024296760559082e+00
-1.114040374755859375e+00
-1.153539538383483887e+00
-1.186655640602111816e+00
-1.186700105667114258e+00
-1.206118583679199219e+00
-1.206507205963134766e+00
-1.229457736015319824e+00
-1.213560223579406738e+00
-1.208216786384582520e+00
-1.245515823364257812e+00
-1.193093776702880859e+00
-1.228568553924560547e+00
-1.198606491088867188e+00
-1.271703600883483887e+00
-1.279659032821655273e+00
-1.149982690811157227e+00
-1.186806678771972656e+00
-1.256874442100524902e+00
-1.231552958488464355e+00
-1.237252593040466309e+00
-1.304767966270446777e+00
-1.290606141090393066e+00
-1.298246741294860840e+00
-1.303593754768371582e+00
-8.801875710487365723e-01
-1.032542228698730469e+00
-1.189031481742858887e+00
-1.248611569404602051e+00
-1.285348057746887207e+00
-1.292235255241394043e+00
-1.324080824851989746e+00
-1.185727119445800781e+00
-1.273024916648864746e+00
-1.199430108070373535e+00
-1.295269846916198730e+00
-1.315838694572448730e+00
-1.344959974288940430e+00
-6.933426856994628906e-01
-4.621445238590240479e-01
-5.290043354034423828e-01
-5.611186623573303223e-01
-5.801466703414916992e-01
-5.976042151451110840e-01
-6.049904227256774902e-01
-6.126221418380737305e-01
-6.146329641342163086e-01
-6.248988509178161621e-01
-6.253584623336791992e-01
-6.288179159164428711e-01
-6.286284923553466797e-01
-6.367331743240356445e-01
-6.360933780670166016e-01
-6.373089551925659180e-01
-6.373126506805419922e-01
-6.432789564132690430e-01
-6.441745758056640625e-01
-6.453112959861755371e-01
-6.492595672607421875e-01
-6.495971679687500000e-01
-6.496902108192443848e-01
-6.465961933135986328e-01
-6.550043821334838867e-01
-6.560234427452087402e-01
-6.592285037040710449e-01
-6.622666716575622559e-01
-6.662338972091674805e-01
-6.709549427032470703e-01
-6.794199943542480469e-01
-6.819807887077331543e-01
-6.906034946441650391e-01
-6.983062028884887695e-01
-7.044326066970825195e-01
-7.196190953254699707e-01
-7.303571701049804688e-01
-7.487200498580932617e-01
-7.691595554351806641e-01
-7.886699438095092773e-01
-8.128444552421569824e-01
-8.365399241447448730e-01
-8.613551855087280273e-01
-8.946675062179565430e-01
-9.220902919769287109e-01
-9.614149928092956543e-01
-1.012182593345642090e+00
-1.048951983451843262e+00
-1.086763620376586914e+00
-1.112874388694763184e+00
-1.142499327659606934e+00
-1.177950501441955566e+00
-1.209856629371643066e+00
-1.216097950935363770e+00
-1.216729164123535156e+00
-1.265000104904174805e+00
-1.269647479057312012e+00
-1.291733145713806152e+00
-1.308244824409484863e+00
-1.250506043434143066e+00
-1.126544117927551270e+00
-1.256540417671203613e+00
-1.305633068084716797e+00
-1.136919736862182617e+00
-1.235439896583557129e+00
-1.325113415718078613e+00
-1.356175541877746582e+00
-1.341260910034179688e+00
-1.385553956031799316e+00
-1.382528543472290039e+00
-1.400822997093200684e+00
-1.370029807090759277e+00
-1.412654757499694824e+00
-1.264513134956359863e+00
-1.223287820816040039e+00
-1.258066773414611816e+00
-1.351615190505981445e+00
-1.392094969749450684e+00
-1.400449752807617188e+00
-1.436021447181701660e+00
-1.445033073425292969e+00
-1.463423728942871094e+00
-1.466809868812561035e+00
-1.453020930290222168e+00
-1.405838608741760254e+00
-1.464687824249267578e+00
-1.447993874549865723e+00
-1.480500459671020508e+00
-1.451962709426879883e+00
-1.421310305595397949e+00
-1.509882450103759766e+00
-1.087498068809509277e+00
-1.167471647262573242e+00
-1.373553991317749023e+00
-1.420525193214416504e+00
-1.383872866630554199e+00
-1.470493555068969727e+00
-1.432527184486389160e+00
-1.457992076873779297e+00
-1.511574625968933105e+00
-1.533194184303283691e+00
-1.538316369056701660e+00
-1.546729922294616699e+00
-1.539868950843811035e+00
-1.522745847702026367e+00
-1.552270412445068359e+00
-1.486237049102783203e+00
-1.540609836578369141e+00
-1.571957707405090332e+00
-1.572121262550354004e+00
-1.398998379707336426e+00
-1.535550355911254883e+00
-1.591984629631042480e+00
-1.573171138763427734e+00
-1.599025249481201172e+00
-1.614502787590026855e+00
-1.600424528121948242e+00
-1.610792160034179688e+00
-1.604652047157287598e+00
-1.538523912429809570e+00
-1.618162631988525391e+00
-1.661820411682128906e+00
-1.669645190238952637e+00
-1.650889515876770020e+00
-1.628189921379089355e+00
-1.568206906318664551e+00
-1.625792145729064941e+00
-1.687953233718872070e+00
-1.692305564880371094e+00
-1.698629975318908691e+00
-1.703755617141723633e+00
-1.725769519805908203e+00
-1.696845531463623047e+00
-1.613290071487426758e+00
-1.602550506591796875e+00
-1.729984521865844727e+00
-1.666470885276794434e+00
-1.722992300987243652e+00
