2.309760284423828125e+01
1.054567813873291016e+01
7.188192844390869141e+00
5.854465007781982422e+00
4.886232376098632812e+00
4.434959411621093750e+00
4.018960475921630859e+00
3.530124664306640625e+00
3.341860532760620117e+00
3.060235738754272461e+00
2.987578868865966797e+00
2.894246101379394531e+00
2.766241073608398438e+00
2.700548887252807617e+00
2.690904378890991211e+00
2.649626493453979492e+00
2.607750654220581055e+00
2.579120635986328125e+00
2.535028219223022461e+00
2.542288064956665039e+00
2.512320041656494141e+00
2.502420186996459961e+00
2.480534791946411133e+00
2.470149993896484375e+00
2.462579011917114258e+00
2.453983783721923828e+00
2.455513477325439453e+00
2.433659076690673828e+00
2.422942638397216797e+00
2.418294668197631836e+00
2.387302160263061523e+00
2.349518775939941406e+00
2.316979885101318359e+00
2.452154636383056641e+00
2.424127340316772461e+00
2.420199394226074219e+00
2.414738178253173828e+00
2.396513462066650391e+00
2.384577274322509766e+00
2.380155086517333984e+00
2.360015153884887695e+00
2.352075338363647461e+00
2.365582942962646484e+00
2.334439516067504883e+00
2.305266857147216797e+00
2.266380548477172852e+00
2.224934101104736328e+00
2.271026134490966797e+00
2.225717306137084961e+00
2.123054027557373047e+00
2.220732212066650391e+00
2.216506242752075195e+00
2.214585065841674805e+00
2.181411027908325195e+00
2.092255830764770508e+00
2.307286024093627930e+00
2.184669971466064453e+00
2.073995351791381836e+00
2.040228128433227539e+00
2.124516248703002930e+00
2.373885154724121094e+00
2.290235042572021484e+00
2.183019638061523438e+00
2.055224657058715820e+00
2.005221605300903320e+00
2.162971973419189453e+00
1.960698127746582031e+00
1.938317656517028809e+00
1.982904553413391113e+00
1.902362942695617676e+00
1.859208822250366211e+00
2.218744039535522461e+00
2.174617052078247070e+00
2.124631166458129883e+00
1.941408753395080566e+00
1.884879231452941895e+00
1.994731783866882324e+00
2.328477382659912109e+00
2.256145000457763672e+00
2.155055999755859375e+00
2.035644054412841797e+00
2.030218839645385742e+00
1.977172017097473145e+00
1.936039924621582031e+00
1.840412616729736328e+00
1.818773865699768066e+00
1.866113781929016113e+00
1.750663280487060547e+00
1.695808053016662598e+00
1.715868353843688965e+00
1.740926384925842285e+00
1.684807062149047852e+00
1.584027171134948730e+00
1.597936749458312988e+00
1.489395737648010254e+00
1.950046777725219727e+00
2.011979103088378906e+00
1.858289241790771484e+00
1.917761802673339844e+00
1.953364014625549316e+00
1.859828829765319824e+00
1.811618685722351074e+00
1.596546769142150879e+00
1.664852142333984375e+00
1.635988235473632812e+00
1.595811128616333008e+00
1.477227687835693359e+00
1.703605055809020996e+00
1.492187976837158203e+00
1.425745964050292969e+00
1.299902319908142090e+00
1.341228127479553223e+00
1.637629151344299316e+00
1.876109600067138672e+00
1.586985111236572266e+00
1.491834402084350586e+00
1.442187190055847168e+00
1.291772127151489258e+00
1.376805663108825684e+00
1.303374886512756348e+00
1.594128251075744629e+00
1.536427736282348633e+00
1.431681871414184570e+00
1.639954209327697754e+00
2.428775310516357422e+00
2.395725965499877930e+00
2.370021820068359375e+00
2.324628829956054688e+00
2.265522241592407227e+00
2.186018466949462891e+00
2.000416755676269531e+00
2.060426235198974609e+00
1.811694979667663574e+00
1.596231341361999512e+00
1.390655159950256348e+00
1.328454971313476562e+00
1.331473112106323242e+00
1.291716098785400391e+00
2.085860729217529297e+00
1.795633316040039062e+00
1.431671738624572754e+00
1.268204808235168457e+00
1.207770466804504395e+00
1.227366209030151367e+00
1.468532562255859375e+00
1.237221002578735352e+00
1.028655648231506348e+00
1.102234482765197754e+00
1.114234805107116699e+00
1.019925832748413086e+00
1.133436441421508789e+00
9.966450929641723633e-01
9.802986383438110352e-01
1.137679219245910645e+00
1.272421956062316895e+00
9.752198457717895508e-01
8.950360417366027832e-01
9.072225093841552734e-01
1.085488319396972656e+00
1.163289666175842285e+00
1.504944086074829102e+00
1.579067826271057129e+00
9.784574508666992188e-01
1.224524855613708496e+00
9.964877367019653320e-01
9.096409082412719727e-01
1.526346087455749512e+00
1.461616158485412598e+00
1.289908647537231445e+00
9.684404730796813965e-01
8.778601884841918945e-01
8.452559709548950195e-01
7.626076340675354004e-01
1.303805351257324219e+00
1.869461774826049805e+00
1.823940157890319824e+00
1.250159740447998047e+00
9.845248460769653320e-01
1.360591888427734375e+00
1.162341237068176270e+00
1.253696799278259277e+00
1.308321475982666016e+00
1.537702679634094238e+00
1.119712233543395996e+00
9.166789054870605469e-01
1.390042662620544434e+00
9.459164142608642578e-01
1.163291215896606445e+00
1.339688301086425781e+00
1.152735471725463867e+00
9.287755489349365234e-01
7.221979498863220215e-01
8.086736798286437988e-01
8.789052963256835938e-01
8.956664800643920898e-01
8.485389351844787598e-01
7.185308337211608887e-01
1.048710465431213379e+00
1.882696151733398438e+00
1.522237062454223633e+00
2.089546680450439453e+00
1.581648111343383789e+00
1.255964756011962891e+00
1.192038536071777344e+00
9.794113636016845703e-01
8.444513082504272461e-01
9.781990051269531250e-01
9.669725298881530762e-01
1.335524320602416992e+00
9.670462608337402344e-01
7.162097692489624023e-01
6.695948839187622070e-01
7.473324537277221680e-01
1.339445590972900391e+00
1.839916586875915527e+00
1.244185805320739746e+00
9.710227251052856445e-01
7.677690386772155762e-01
7.386827468872070312e-01
1.088011264801025391e+00
8.042814135551452637e-01
6.581585407257080078e-01
1.394328117370605469e+00
1.208843111991882324e+00
9.731149673461914062e-01
8.448846936225891113e-01
7.773879170417785645e-01
1.109489560127258301e+00
2.582652091979980469e+00
2.456137180328369141e+00
2.413074970245361328e+00
2.388950347900390625e+00
2.368614196777343750e+00
2.346011400222778320e+00
2.329628705978393555e+00
2.325362682342529297e+00
2.326440811157226562e+00
2.282028913497924805e+00
2.257842540740966797e+00
2.233894109725952148e+00
2.199767827987670898e+00
2.163514614105224609e+00
2.127349853515625000e+00
2.089844942092895508e+00
1.997916460037231445e+00
1.995510935783386230e+00
1.950307369232177734e+00
1.809381723403930664e+00
1.706755280494689941e+00
2.011950016021728516e+00
