1.956168293952941895e+00
1.430592656135559082e+00
1.223491311073303223e+00
1.003646016120910645e+00
9.438298940658569336e-01
8.369909524917602539e-01
8.056520819664001465e-01
7.443071007728576660e-01
6.935011744499206543e-01
6.431692242622375488e-01
5.871673822402954102e-01
5.525067448616027832e-01
5.034148097038269043e-01
4.757524728775024414e-01
4.334416091442108154e-01
3.837480545043945312e-01
3.432984352111816406e-01
2.975437045097351074e-01
2.520293891429901123e-01
2.071159780025482178e-01
1.524651646614074707e-01
9.253601729869842529e-02
8.938780985772609711e-03
-9.789399802684783936e-02
-2.291404455900192261e-01
-3.166785240173339844e-01
-4.408423900604248047e-01
-5.423467159271240234e-01
-6.351157426834106445e-01
-7.342498898506164551e-01
-8.143872618675231934e-01
-8.629257082939147949e-01
-9.449249505996704102e-01
-1.006569385528564453e+00
-1.058996677398681641e+00
-1.084730625152587891e+00
-1.153398036956787109e+00
-1.196642875671386719e+00
-1.216196656227111816e+00
-1.263138413429260254e+00
-1.284765601158142090e+00
-1.317894220352172852e+00
-1.352480649948120117e+00
-1.362651228904724121e+00
-7.722333073616027832e-02
-7.811582684516906738e-01
-8.297848105430603027e-01
-9.683762788772583008e-01
-1.111835360527038574e+00
-1.146831393241882324e+00
-1.186168432235717773e+00
-1.258831620216369629e+00
-1.290081381797790527e+00
-1.342393875122070312e+00
-1.402694702148437500e+00
-1.406938314437866211e+00
-1.404909968376159668e+00
-1.514053940773010254e+00
-1.544063806533813477e+00
-1.633216381072998047e+00
-1.640294313430786133e+00
-1.704264044761657715e+00
-1.753409624099731445e+00
-1.792729735374450684e+00
-1.858392596244812012e+00
-1.649752736091613770e+00
-1.720336914062500000e+00
-1.874697446823120117e+00
-1.937337994575500488e+00
-2.013536930084228516e+00
-2.109749555587768555e+00
-2.125737905502319336e+00
-2.162021875381469727e+00
-2.133830308914184570e+00
-2.223204135894775391e+00
-2.295897006988525391e+00
-2.331454277038574219e+00
-2.348414659500122070e+00
-2.397488832473754883e+00
-1.962154269218444824e+00
-2.128803253173828125e+00
-2.250519037246704102e+00
-2.347924470901489258e+00
-2.420992851257324219e+00
-2.449562788009643555e+00
-2.477600097656250000e+00
-2.499059200286865234e+00
-2.543009757995605469e+00
-2.568702459335327148e+00
-2.588903903961181641e+00
-2.602057695388793945e+00
-2.637787342071533203e+00
-2.662137269973754883e+00
-2.643844842910766602e+00
