3.703038024902343750e+01
2.291948127746582031e+01
1.711014556884765625e+01
1.433880424499511719e+01
1.269206619262695312e+01
1.086905670166015625e+01
9.341226577758789062e+00
7.953339099884033203e+00
7.862497806549072266e+00
8.640450477600097656e+00
7.811828613281250000e+00
6.321482658386230469e+00
6.133122444152832031e+00
5.819923400878906250e+00
6.019091129302978516e+00
5.317772865295410156e+00
4.979800701141357422e+00
4.777203083038330078e+00
4.976835250854492188e+00
4.402969360351562500e+00
4.095944404602050781e+00
4.220889091491699219e+00
4.457086563110351562e+00
3.618762016296386719e+00
3.699594259262084961e+00
4.027053833007812500e+00
3.838867425918579102e+00
3.559009790420532227e+00
3.409801006317138672e+00
3.202256441116333008e+00
3.533271312713623047e+00
3.068678617477416992e+00
3.124441623687744141e+00
2.853008031845092773e+00
3.015061855316162109e+00
2.855555534362792969e+00
2.740771293640136719e+00
2.635780572891235352e+00
2.561475276947021484e+00
2.607554912567138672e+00
2.653649091720581055e+00
2.493266105651855469e+00
2.615315198898315430e+00
2.534172534942626953e+00
2.284337282180786133e+00
2.296027421951293945e+00
2.196953773498535156e+00
2.149724006652832031e+00
2.211455345153808594e+00
2.266645669937133789e+00
2.081360340118408203e+00
2.061568498611450195e+00
2.003476619720458984e+00
2.034173965454101562e+00
2.110110998153686523e+00
2.030979871749877930e+00
1.939360260963439941e+00
1.996200799942016602e+00
1.880549192428588867e+00
1.807616710662841797e+00
1.835182666778564453e+00
1.959789633750915527e+00
1.859726548194885254e+00
1.813767552375793457e+00
1.852995991706848145e+00
1.856357097625732422e+00
1.788156509399414062e+00
1.713703155517578125e+00
1.780090808868408203e+00
1.667917966842651367e+00
1.666101336479187012e+00
1.583400368690490723e+00
1.616536140441894531e+00
1.587846875190734863e+00
1.639261722564697266e+00
1.568698883056640625e+00
1.598132133483886719e+00
1.513990044593811035e+00
1.504372596740722656e+00
1.501205921173095703e+00
1.598754048347473145e+00
1.474436402320861816e+00
1.425014138221740723e+00
1.459667563438415527e+00
1.407837867736816406e+00
1.436642289161682129e+00
1.378940701484680176e+00
1.359814882278442383e+00
1.354381680488586426e+00
1.348597645759582520e+00
1.308552861213684082e+00
1.316993594169616699e+00
1.292987823486328125e+00
1.240877389907836914e+00
1.246935606002807617e+00
1.216709971427917480e+00
1.309329152107238770e+00
1.210758805274963379e+00
1.192582964897155762e+00
1.138913869857788086e+00
