7.680329895019531250e+01
1.426873803138732910e+00
1.525120854377746582e+00
8.034339547157287598e-01
3.592525720596313477e-01
3.184338510036468506e-01
3.156706988811492920e-01
3.152239620685577393e-01
3.147163093090057373e-01
3.141418993473052979e-01
3.135132193565368652e-01
3.128508329391479492e-01
3.121380507946014404e-01
3.114054799079895020e-01
3.106305301189422607e-01
3.098359405994415283e-01
3.089965879917144775e-01
3.081545531749725342e-01
3.072808980941772461e-01
3.063862323760986328e-01
3.054710924625396729e-01
3.045406043529510498e-01
3.035958111286163330e-01
3.026407659053802490e-01
3.016371428966522217e-01
3.006609976291656494e-01
2.996433377265930176e-01
2.986275851726531982e-01
2.975995242595672607e-01
2.965489327907562256e-01
2.954973578453063965e-01
2.944243848323822021e-01
2.933594584465026855e-01
2.922711074352264404e-01
2.911745607852935791e-01
2.900693118572235107e-01
2.889489531517028809e-01
2.878375649452209473e-01
2.867107987403869629e-01
2.855812609195709229e-01
2.844410538673400879e-01
2.832841873168945312e-01
2.821227014064788818e-01
2.809791862964630127e-01
2.797996401786804199e-01
2.786385715007781982e-01
2.774654626846313477e-01
2.762903571128845215e-01
2.751020491123199463e-01
2.739123404026031494e-01
2.727255821228027344e-01
2.715304195880889893e-01
2.703530490398406982e-01
2.691485583782196045e-01
2.679442167282104492e-01
2.667411565780639648e-01
2.655434012413024902e-01
2.643478512763977051e-01
2.631442844867706299e-01
2.619246244430541992e-01
2.607155740261077881e-01
2.595036625862121582e-01
2.583102285861968994e-01
2.571015357971191406e-01
2.558799982070922852e-01
2.546792626380920410e-01
2.534707784652709961e-01
2.522601485252380371e-01
2.510614097118377686e-01
2.498310357332229614e-01
2.486390918493270874e-01
2.474374622106552124e-01
2.462254315614700317e-01
2.450287044048309326e-01
2.438290417194366455e-01
2.426161468029022217e-01
2.414313852787017822e-01
2.402271330356597900e-01
2.390325069427490234e-01
2.378419786691665649e-01
2.366534173488616943e-01
2.354640215635299683e-01
2.342735081911087036e-01
2.331010848283767700e-01
2.319204062223434448e-01
2.307513654232025146e-01
2.295559197664260864e-01
2.283916324377059937e-01
2.272372245788574219e-01
2.260682731866836548e-01
2.248956710100173950e-01
2.237536460161209106e-01
2.225926667451858521e-01
2.214528173208236694e-01
2.203015983104705811e-01
2.191435843706130981e-01
2.180166989564895630e-01
2.168824076652526855e-01
2.157553136348724365e-01
2.146448642015457153e-01
2.134936451911926270e-01
2.123810201883316040e-01
2.112890183925628662e-01
2.101607769727706909e-01
2.090407609939575195e-01
2.079450786113739014e-01
2.068676948547363281e-01
2.057650387287139893e-01
2.046725898981094360e-01
2.035994976758956909e-01
2.025173902511596680e-01
2.014507204294204712e-01
2.003880143165588379e-01
1.993119865655899048e-01
1.982783973217010498e-01
1.972113251686096191e-01
1.961647719144821167e-01
1.951176226139068604e-01
1.940929889678955078e-01
1.930486857891082764e-01
1.920465528964996338e-01
1.910192817449569702e-01
1.899936199188232422e-01
1.889808475971221924e-01
1.879753321409225464e-01
1.869722604751586914e-01
1.859845370054244995e-01
1.850083470344543457e-01
1.840174645185470581e-01
1.830523908138275146e-01
1.820782423019409180e-01
1.811160594224929810e-01
1.801363974809646606e-01
1.791999340057373047e-01
1.782453656196594238e-01
1.773175746202468872e-01
1.763710081577301025e-01
1.754443943500518799e-01
1.745129525661468506e-01
1.736000925302505493e-01
1.726878136396408081e-01
1.717707365751266479e-01
1.708605885505676270e-01
1.699717640876770020e-01
1.690771579742431641e-01
1.682050675153732300e-01
1.673105657100677490e-01
1.664437055587768555e-01
1.655671596527099609e-01
1.647033542394638062e-01
1.638405025005340576e-01
1.630071401596069336e-01
1.621423810720443726e-01
1.613217890262603760e-01
1.604548096656799316e-01
1.596423834562301636e-01
1.588159948587417603e-01
1.580064147710800171e-01
1.571666747331619263e-01
1.563798338174819946e-01
1.555590033531188965e-01
1.547680199146270752e-01
1.539820283651351929e-01
1.531942486763000488e-01
1.524145901203155518e-01
1.516434103250503540e-01
1.508724540472030640e-01
1.501119732856750488e-01
1.493473649024963379e-01
1.485980153083801270e-01
1.478429585695266724e-01
1.471061259508132935e-01
1.463804244995117188e-01
1.456408202648162842e-01
1.449111104011535645e-01
1.442066580057144165e-01
1.434931010007858276e-01
1.427774876356124878e-01
1.420821249485015869e-01
1.413772851228713989e-01
1.406869441270828247e-01
1.400095224380493164e-01
1.393511891365051270e-01
1.386506259441375732e-01
1.379834413528442383e-01
1.373158991336822510e-01
1.366782635450363159e-01
1.359932869672775269e-01
1.353697478771209717e-01
1.347085982561111450e-01
1.340762972831726074e-01
1.334430724382400513e-01
1.328186094760894775e-01
1.321924924850463867e-01
1.315897405147552490e-01
1.309547871351242065e-01
1.303650587797164917e-01
1.297517865896224976e-01
1.291539371013641357e-01
1.285657584667205811e-01
1.279864013195037842e-01
1.273917257785797119e-01
1.268263161182403564e-01
1.262349784374237061e-01
1.256859898567199707e-01
1.251172423362731934e-01
1.245509237051010132e-01
1.240122318267822266e-01
1.234590336680412292e-01
1.229260042309761047e-01
1.223958507180213928e-01
1.218554228544235229e-01
1.213282048702239990e-01
1.208048164844512939e-01
1.202875375747680664e-01
1.197861358523368835e-01
1.192703545093536377e-01
1.187648028135299683e-01
1.182706803083419800e-01
1.177766099572181702e-01
1.172933056950569153e-01
1.168098002672195435e-01
1.163282692432403564e-01
1.158610731363296509e-01
1.153865903615951538e-01
1.149092540144920349e-01
1.144546940922737122e-01
1.140024811029434204e-01
1.135362237691879272e-01
1.130917593836784363e-01
1.126571297645568848e-01
1.122007071971893311e-01
1.117739975452423096e-01
1.113548725843429565e-01
1.109042912721633911e-01
1.104950830340385437e-01
1.100775152444839478e-01
1.096603944897651672e-01
1.092512980103492737e-01
1.088484004139900208e-01
1.084406375885009766e-01
1.080397814512252808e-01
1.076569035649299622e-01
1.072607338428497314e-01
1.068790331482887268e-01
1.064993590116500854e-01
1.061244010925292969e-01
1.057553291320800781e-01
1.053779497742652893e-01
1.050158143043518066e-01
1.046591177582740784e-01
1.042944639921188354e-01
1.039408892393112183e-01
1.035939902067184448e-01
1.032480970025062561e-01
1.029096096754074097e-01
