6.799574851989746094e+00
2.360670804977416992e+00
1.726526141166687012e+00
1.387467741966247559e+00
1.166695237159729004e+00
1.000131011009216309e+00
8.671006560325622559e-01
7.520045638084411621e-01
6.505161523818969727e-01
5.740614533424377441e-01
5.172760486602783203e-01
4.759764075279235840e-01
4.320561885833740234e-01
3.964039385318756104e-01
3.600439131259918213e-01
3.402618169784545898e-01
3.129766881465911865e-01
2.899473309516906738e-01
2.653648853302001953e-01
2.466040104627609253e-01
2.239162027835845947e-01
2.076707333326339722e-01
1.885568499565124512e-01
1.807360351085662842e-01
1.574514210224151611e-01
1.435232162475585938e-01
1.295233815908432007e-01
1.113466396927833557e-01
9.713693708181381226e-02
8.894415944814682007e-02
6.514359265565872192e-02
5.955014005303382874e-02
4.864324629306793213e-02
3.151961416006088257e-02
2.354349754750728607e-02
9.853311628103256226e-02
5.009362474083900452e-03
-8.527214638888835907e-03
-1.965525560081005096e-02
-2.306226268410682678e-02
-3.509810194373130798e-02
-4.617379605770111084e-02
-5.633393302559852600e-02
-6.587614864110946655e-02
-7.265265285968780518e-02
-7.406174391508102417e-02
-8.554094284772872925e-02
-9.360764920711517334e-02
-9.775608032941818237e-02
-1.097953915596008301e-01
-1.136877909302711487e-01
-1.085288822650909424e-01
-1.260059177875518799e-01
-1.329962909221649170e-01
-1.390098631381988525e-01
-1.431163996458053589e-01
-1.477133929729461670e-01
-1.513914167881011963e-01
-1.623006016016006470e-01
-1.656997650861740112e-01
-1.764461398124694824e-01
-1.772924512624740601e-01
-1.792802661657333374e-01
-1.867564171552658081e-01
-1.888841986656188965e-01
-1.969978809356689453e-01
-1.985982954502105713e-01
-1.985627114772796631e-01
-2.072209566831588745e-01
-2.101455777883529663e-01
-2.142565846443176270e-01
-2.184678465127944946e-01
-2.255062758922576904e-01
-2.309135347604751587e-01
-2.354212850332260132e-01
-2.408273965120315552e-01
-2.370292991399765015e-01
-2.408489733934402466e-01
-2.464047372341156006e-01
-2.518049180507659912e-01
-2.481253892183303833e-01
-2.551270127296447754e-01
-2.597529292106628418e-01
-2.589719891548156738e-01
-2.617071568965911865e-01
-2.669487893581390381e-01
-2.738498449325561523e-01
-2.577569186687469482e-01
-2.780579924583435059e-01
-2.769393026828765869e-01
-2.776761054992675781e-01
-2.846814393997192383e-01
-2.879501581192016602e-01
-2.882795929908752441e-01
-2.754366993904113770e-01
-2.939585447311401367e-01
-2.915968894958496094e-01
-2.985167801380157471e-01
-2.909090518951416016e-01
-3.008096218109130859e-01
