1.216027587890625000e+03
1.127883224487304688e+02
9.438323974609375000e+01
2.512648162841796875e+02
1.089022064208984375e+02
1.396588134765625000e+02
1.559227600097656250e+02
1.149298477172851562e+02
1.223901748657226562e+02
1.075979995727539062e+02
5.212935180664062500e+02
1.256970214843750000e+02
9.972978973388671875e+01
2.731499023437500000e+02
9.203136444091796875e+01
1.130638198852539062e+02
1.183785476684570312e+02
1.185406646728515625e+02
9.367411041259765625e+01
1.219119415283203125e+02
1.281526794433593750e+02
1.388941650390625000e+02
9.792115020751953125e+01
9.957647705078125000e+01
9.748777008056640625e+01
1.177873077392578125e+02
9.819614410400390625e+01
1.000861587524414062e+02
9.607837677001953125e+01
9.832779693603515625e+01
7.764646911621093750e+01
1.386791076660156250e+02
1.222398529052734375e+02
1.288950042724609375e+02
1.034335937500000000e+02
1.211327667236328125e+02
3.544690246582031250e+02
1.030803604125976562e+02
1.594496002197265625e+02
4.519287109375000000e+02
1.228676681518554688e+02
5.347756347656250000e+02
1.093056793212890625e+02
3.002726745605468750e+02
1.279463043212890625e+02
1.154869461059570312e+02
1.084504776000976562e+02
9.844049072265625000e+01
9.577220916748046875e+01
1.129484024047851562e+02
4.157560119628906250e+02
1.355984649658203125e+02
2.910389099121093750e+02
3.266381835937500000e+02
1.380357360839843750e+02
3.627178344726562500e+02
1.674547576904296875e+02
8.112876892089843750e+01
2.678548889160156250e+02
1.255865097045898438e+02
8.252327728271484375e+01
1.528978576660156250e+02
8.222913818359375000e+02
1.732223358154296875e+02
1.339113922119140625e+02
1.533665313720703125e+02
2.883082580566406250e+02
1.636026153564453125e+02
1.112943649291992188e+02
9.825765228271484375e+01
1.144447402954101562e+02
1.270061721801757812e+02
1.072827529907226562e+02
1.103135910034179688e+02
1.172938613891601562e+02
9.765099334716796875e+01
8.992655181884765625e+01
1.119697647094726562e+02
1.245913543701171875e+02
1.265139160156250000e+02
2.491131591796875000e+02
1.100185165405273438e+02
1.111469802856445312e+02
1.115820083618164062e+02
1.419951629638671875e+02
1.021693572998046875e+02
1.119390029907226562e+02
1.018706512451171875e+02
1.033513107299804688e+02
1.002217864990234375e+02
9.142036437988281250e+01
1.552402191162109375e+02
8.146273040771484375e+01
9.137131500244140625e+01
9.049405670166015625e+01
8.264778900146484375e+01
2.012760314941406250e+02
1.051947860717773438e+02
9.476753234863281250e+01
2.473855895996093750e+02
1.495608825683593750e+02
4.306056213378906250e+02
9.753034973144531250e+01
3.233016662597656250e+02
8.787834167480468750e+01
1.155825881958007812e+02
1.856331329345703125e+02
1.500802764892578125e+02
9.980065155029296875e+01
1.091674423217773438e+02
1.667894744873046875e+02
1.406054382324218750e+02
1.904240417480468750e+02
1.307212371826171875e+02
1.088415756225585938e+02
1.383118133544921875e+02
9.621721649169921875e+01
1.309674987792968750e+02
1.020221786499023438e+02
2.937722167968750000e+02
1.083649520874023438e+02
1.214429321289062500e+02
9.977462005615234375e+01
1.007297515869140625e+02
2.345189666748046875e+02
1.033550186157226562e+02
1.125315780639648438e+02
1.024366073608398438e+02
1.716499786376953125e+02
1.646358184814453125e+02
1.120994491577148438e+02
1.151082916259765625e+02
9.662482452392578125e+01
9.450545501708984375e+01
9.878380584716796875e+01
9.307128906250000000e+01
1.054218215942382812e+02
8.821257781982421875e+01
1.335773773193359375e+02
1.338278350830078125e+02
7.639118194580078125e+01
1.212213973999023438e+02
2.099605865478515625e+02
1.385703582763671875e+02
1.090132217407226562e+02
9.585386657714843750e+01
1.061084747314453125e+02
1.226582183837890625e+02
1.305795593261718750e+02
1.015804824829101562e+02
1.071829833984375000e+02
1.436003417968750000e+02
8.992584228515625000e+01
4.621457824707031250e+02
1.272347412109375000e+02
1.022608489990234375e+02
1.738414764404296875e+02
1.156342391967773438e+02
2.296347656250000000e+02
1.452505645751953125e+02
9.605753326416015625e+01
9.744178771972656250e+01
1.005596847534179688e+02
1.061467971801757812e+02
1.076178817749023438e+02
1.321443786621093750e+02
1.399412384033203125e+02
1.119638519287109375e+02
1.069016723632812500e+02
1.049558639526367188e+02
1.006185226440429688e+02
1.086841049194335938e+02
9.554973602294921875e+01
9.371832275390625000e+01
1.228143157958984375e+02
9.827052307128906250e+01
1.366628417968750000e+02
1.235542831420898438e+02
1.051242523193359375e+02
1.068526229858398438e+02
1.110379791259765625e+02
9.135816955566406250e+01
1.085680694580078125e+02
8.371927642822265625e+01
1.294868316650390625e+02
9.398001861572265625e+01
1.105611343383789062e+02
8.383087158203125000e+01
1.429046630859375000e+02
1.204121856689453125e+02
9.415839385986328125e+01
1.162328720092773438e+02
2.202942657470703125e+02
1.584842071533203125e+02
8.490256500244140625e+01
9.670282745361328125e+01
9.239759826660156250e+01
9.844846343994140625e+01
1.808531951904296875e+02
1.002912063598632812e+02
9.223815155029296875e+01
1.036442642211914062e+02
1.097039794921875000e+02
9.896726226806640625e+01
8.234516143798828125e+01
8.971808624267578125e+01
1.846923065185546875e+02
8.335974884033203125e+01
1.329988861083984375e+02
1.141141738891601562e+02
1.083112716674804688e+02
1.043175430297851562e+02
1.020589218139648438e+02
1.012060012817382812e+02
1.143548812866210938e+02
9.881220245361328125e+01
9.091420745849609375e+01
8.700365447998046875e+01
1.042218780517578125e+02
1.091297607421875000e+02
1.098763809204101562e+02
8.814212799072265625e+01
1.241256484985351562e+02
1.020068740844726562e+02
1.367811584472656250e+02
1.041379394531250000e+02
9.651393127441406250e+01
1.137817916870117188e+02
9.583587646484375000e+01
1.010135116577148438e+02
8.914711761474609375e+01
9.455237579345703125e+01
1.380075988769531250e+02
8.442345428466796875e+01
2.281031036376953125e+02
8.079254150390625000e+01
1.000256195068359375e+02
1.094433746337890625e+02
8.915100097656250000e+01
1.378230285644531250e+02
1.045208740234375000e+02
1.042212295532226562e+02
1.071444320678710938e+02
1.140762557983398438e+02
1.187977142333984375e+02
9.987486267089843750e+01
9.166407012939453125e+01
1.159307479858398438e+02
9.559553527832031250e+01
8.930582427978515625e+01
