2.534196090698242188e+01
1.006474494934082031e+01
7.316585540771484375e+00
5.598968982696533203e+00
4.859367370605468750e+00
4.183290004730224609e+00
3.733554601669311523e+00
3.249650239944458008e+00
3.082151412963867188e+00
2.937283039093017578e+00
2.820438385009765625e+00
2.717842340469360352e+00
2.640506029129028320e+00
2.623462438583374023e+00
2.544526815414428711e+00
2.501991271972656250e+00
2.478568792343139648e+00
2.459538221359252930e+00
2.422389507293701172e+00
2.415053129196166992e+00
2.373546123504638672e+00
2.333708524703979492e+00
2.335097551345825195e+00
2.316595077514648438e+00
2.289800882339477539e+00
2.262753248214721680e+00
2.245473146438598633e+00
2.225183725357055664e+00
2.203344345092773438e+00
2.178509712219238281e+00
2.223145961761474609e+00
2.164002418518066406e+00
2.135437965393066406e+00
2.132476806640625000e+00
2.100910186767578125e+00
2.052332162857055664e+00
2.076515197753906250e+00
1.991327404975891113e+00
1.904812693595886230e+00
2.033643007278442383e+00
2.038428068161010742e+00
1.846586108207702637e+00
1.707911610603332520e+00
1.594758033752441406e+00
1.496170639991760254e+00
1.450109601020812988e+00
1.310268282890319824e+00
1.230288267135620117e+00
1.164620995521545410e+00
1.104521989822387695e+00
1.050232291221618652e+00
1.003228902816772461e+00
9.622734189033508301e-01
9.145256280899047852e-01
8.846915960311889648e-01
8.441631793975830078e-01
8.089283108711242676e-01
7.798474431037902832e-01
7.358548045158386230e-01
7.095310091972351074e-01
6.844743490219116211e-01
6.441714167594909668e-01
6.282922625541687012e-01
5.991374850273132324e-01
5.677410364151000977e-01
5.526618957519531250e-01
5.213006734848022461e-01
5.097576379776000977e-01
4.870654046535491943e-01
4.663658738136291504e-01
4.513584077358245850e-01
4.235900342464447021e-01
4.081825613975524902e-01
3.806247413158416748e-01
3.707130253314971924e-01
3.430747687816619873e-01
3.304389417171478271e-01
3.076919913291931152e-01
2.881490290164947510e-01
2.682731449604034424e-01
2.534524202346801758e-01
2.343316078186035156e-01
2.247980087995529175e-01
1.873422861099243164e-01
1.765665709972381592e-01
1.603081375360488892e-01
1.395952254533767700e-01
1.363926827907562256e-01
1.090332418680191040e-01
9.457113593816757202e-02
8.271694183349609375e-02
5.063743144273757935e-02
5.150599405169487000e-02
3.423730283975601196e-02
1.965098641812801361e-02
8.642642758786678314e-03
-2.234827727079391479e-02
-2.474223822355270386e-02
-2.149668708443641663e-02
-5.564096197485923767e-02
