2.666116905212402344e+01
9.357920646667480469e+00
6.782924652099609375e+00
5.394052982330322266e+00
4.575232505798339844e+00
3.957951307296752930e+00
3.488335609436035156e+00
3.237436532974243164e+00
2.971587419509887695e+00
2.817220687866210938e+00
2.676302671432495117e+00
2.641622066497802734e+00
2.555214166641235352e+00
2.483966588973999023e+00
2.447482824325561523e+00
2.396962642669677734e+00
2.351741552352905273e+00
2.324206590652465820e+00
2.312631368637084961e+00
2.283254384994506836e+00
2.256652116775512695e+00
2.183151006698608398e+00
2.071250200271606445e+00
1.989262223243713379e+00
1.872330546379089355e+00
1.632226228713989258e+00
1.474315047264099121e+00
1.356361865997314453e+00
1.257455945014953613e+00
1.172538995742797852e+00
1.110469341278076172e+00
1.045245766639709473e+00
9.724572300910949707e-01
9.215074777603149414e-01
8.709439039230346680e-01
8.186913132667541504e-01
7.764964699745178223e-01
7.225760817527770996e-01
6.676377654075622559e-01
6.336767077445983887e-01
5.835345387458801270e-01
5.429596304893493652e-01
5.058928728103637695e-01
4.557820856571197510e-01
4.246175885200500488e-01
3.862941265106201172e-01
3.467348814010620117e-01
3.118108808994293213e-01
2.796218991279602051e-01
2.447052150964736938e-01
2.119191586971282959e-01
1.657283306121826172e-01
1.402140110731124878e-01
1.267505735158920288e-01
8.800535649061203003e-02
5.632039532065391541e-02
