7.188029289245605469e+00
2.147878170013427734e+00
1.560736179351806641e+00
1.224729418754577637e+00
1.015861511230468750e+00
8.906298279762268066e-01
7.882270812988281250e-01
6.949225068092346191e-01
6.265337467193603516e-01
5.675132274627685547e-01
5.236857533454895020e-01
4.768743216991424561e-01
4.422493875026702881e-01
4.067872464656829834e-01
3.695895373821258545e-01
3.444674313068389893e-01
3.129068911075592041e-01
2.927690446376800537e-01
2.562529444694519043e-01
2.374168485403060913e-01
2.125000357627868652e-01
1.998002529144287109e-01
1.815194636583328247e-01
1.608090251684188843e-01
1.491107642650604248e-01
1.367705762386322021e-01
1.214189305901527405e-01
1.108105257153511047e-01
9.899002313613891602e-02
9.009499847888946533e-02
7.315984368324279785e-02
6.013724207878112793e-02
4.573797062039375305e-02
3.798016160726547241e-02
3.561881557106971741e-02
2.087806910276412964e-02
1.439259573817253113e-02
5.982963368296623230e-03
-7.340278942137956619e-03
-8.443344384431838989e-03
-1.742350682616233826e-02
-2.397438697516918182e-02
-2.888961136341094971e-02
-4.052481427788734436e-02
-4.987267777323722839e-02
-4.853707551956176758e-02
-5.380354076623916626e-02
-6.485863775014877319e-02
-7.174095511436462402e-02
-7.046436518430709839e-02
-7.940316945314407349e-02
-8.101812005043029785e-02
-8.882836997509002686e-02
-9.241351485252380371e-02
-9.423870593309402466e-02
-1.023748219013214111e-01
-1.069027483463287354e-01
-1.107467040419578552e-01
-1.322692446410655975e-02
-1.206533759832382202e-01
-1.175229102373123169e-01
-1.203115060925483704e-01
-1.295587122440338135e-01
-1.282489746809005737e-01
-1.349206715822219849e-01
-1.384503543376922607e-01
-1.369410902261734009e-01
-1.403366327285766602e-01
-1.483478695154190063e-01
-1.468987017869949341e-01
-1.462084650993347168e-01
-1.532878428697586060e-01
-1.578477472066879272e-01
-1.453990638256072998e-01
-1.598719656467437744e-01
-1.585399061441421509e-01
-1.617629677057266235e-01
-1.621965169906616211e-01
-1.724534034729003906e-01
-1.687578111886978149e-01
-1.758559942245483398e-01
-1.815607398748397827e-01
-1.725178062915802002e-01
-1.784429103136062622e-01
-1.855407804250717163e-01
-1.858396828174591064e-01
-1.877409219741821289e-01
-1.886453181505203247e-01
-1.926872730255126953e-01
-1.924044191837310791e-01
-1.969379037618637085e-01
-1.977392286062240601e-01
-2.023434340953826904e-01
-1.888822615146636963e-01
-1.963769197463989258e-01
-2.057166993618011475e-01
-2.078274339437484741e-01
-2.063352614641189575e-01
-2.156967371702194214e-01
-2.099481374025344849e-01
