3.450342941284179688e+01
2.478112792968750000e+01
1.591065406799316406e+01
1.143578910827636719e+01
8.249711990356445312e+00
9.548900604248046875e+00
6.474844932556152344e+00
8.442406654357910156e+00
5.320544242858886719e+00
4.469311237335205078e+00
4.483415126800537109e+00
4.570456981658935547e+00
4.232682704925537109e+00
4.463577747344970703e+00
3.820334434509277344e+00
3.676140308380126953e+00
3.060885906219482422e+00
3.146161079406738281e+00
3.468328952789306641e+00
3.263466119766235352e+00
3.200662374496459961e+00
2.969476461410522461e+00
2.723427534103393555e+00
2.387015819549560547e+00
3.035118818283081055e+00
2.402308225631713867e+00
2.199048995971679688e+00
2.553001880645751953e+00
2.126914739608764648e+00
2.215938568115234375e+00
2.401510715484619141e+00
2.106906175613403320e+00
2.191256284713745117e+00
1.841882228851318359e+00
2.001933813095092773e+00
1.922947287559509277e+00
1.980724334716796875e+00
1.838151097297668457e+00
1.860812783241271973e+00
1.873775720596313477e+00
1.890746235847473145e+00
1.870231747627258301e+00
1.622503161430358887e+00
1.648965597152709961e+00
1.761957168579101562e+00
1.676221013069152832e+00
1.584093451499938965e+00
1.669255137443542480e+00
1.630107998847961426e+00
1.501906991004943848e+00
1.509790301322937012e+00
1.475067257881164551e+00
1.448339581489562988e+00
1.543775200843811035e+00
1.446425557136535645e+00
1.500720262527465820e+00
1.333412647247314453e+00
1.442355871200561523e+00
1.341486573219299316e+00
1.415889382362365723e+00
1.361124992370605469e+00
1.282686471939086914e+00
1.317751407623291016e+00
1.250126957893371582e+00
1.312287211418151855e+00
1.231183886528015137e+00
1.242763519287109375e+00
1.246677279472351074e+00
1.228118419647216797e+00
1.192121624946594238e+00
1.140406012535095215e+00
1.165595889091491699e+00
1.237606287002563477e+00
1.164522051811218262e+00
1.124273300170898438e+00
1.150503158569335938e+00
1.112958669662475586e+00
1.114534616470336914e+00
1.065411448478698730e+00
1.073811650276184082e+00
1.058476686477661133e+00
1.030322670936584473e+00
1.019051671028137207e+00
9.689578413963317871e-01
1.031825661659240723e+00
9.531287550926208496e-01
9.379312992095947266e-01
9.367011189460754395e-01
9.566233158111572266e-01
9.066179990768432617e-01
8.598943352699279785e-01
8.943868875503540039e-01
8.499853014945983887e-01
8.472195267677307129e-01
8.587989211082458496e-01
8.115196228027343750e-01
8.312140107154846191e-01
7.733274102210998535e-01
7.613754868507385254e-01
7.201485037803649902e-01
